t = 20000
b = 126 126 126
E = -1.17367580730862 -1.47568205672747 0.302006249418853
6.39245241063571 -0.77865328516674 1.56318085531343 0.257805337023914 0.150012976235995 -0.954480154690557 -0.881240421251174 0.441566967903323 -0.168623385601162 0.260347847825025 0.252619046591438 0.206820748267254 -0.0652837869929306 -0.7091282631837 -0.271803150274335
6.06235936851493 -0.354531072879638 1.43996920936755 0.150169222505102 -0.510610617274299 -0.846596640148863 -0.79100571522581 0.451642549565409 -0.412709139974317 -0.0637749712270132 0.471850101238357 -0.293711742333733 -0.43989568167351 -0.0446710567475254 0.184560119342237
5.84596319743312 0.0410693388709689 1.11497313395557 -0.0431430565205192 -0.868325874994269 -0.494114144151017 -0.803960653494598 0.323787550171561 -0.498807333081725 -0.340617977400552 -0.211672347403448 -0.497086188393616 0.101810442579044 0.286493555289012 0.412724442088414
5.74226280426893 0.16511878185085 0.624051411309964 -0.42322654219543 -0.898514831297137 0.116405909558276 -0.813042524554005 0.319950586440447 -0.486408672973133 0.122923521772679 -0.430465179172441 -0.143966670462867 0.274441464827076 -0.0453079007916703 -0.0929057010584686
5.3713233001001 0.142818641605302 0.22545702748144 -0.533523603142579 -0.638685401458848 0.554466795228233 -0.830378453610092 0.270988504341316 -0.486864236045043 0.202053579760183 -0.188882868821932 0.128139698552642 -0.109771145920296 -0.094815825703879 -0.303235974124531
5.01044989011217 0.0151073832873863 -0.16185452860725 -0.524719646442541 -0.192799505770151 0.829154701585492 -0.850469733125357 0.161084908883272 -0.500752212927154 -0.309594884551018 0.168645592249969 -0.0234095601190914 0.395347396962744 0.526089933704588 0.0957756234764338
4.54094777633028 -0.171836945719747 -0.31577390769948 -0.246036462766059 0.237683053995422 0.939666184707649 -0.966461962942762 0.0134586231168032 -0.256456741607158 0.102895502579151 0.317382536037845 -0.0553351719505553 0.226526388486388 0.289830819526872 -0.059990976546513
4.02683651381381 -0.446649507042395 -0.204325367720344 0.0135721381959945 0.833770301458121 0.551944571168358 -0.999897724683107 0.0138026188393186 0.00373685516501359 0.0917306041357529 -0.325418602099292 -0.480537320400519 -0.449304676603844 -0.271753731053861 0.0739110134526484
3.55376191083081 -0.465523591707608 0.0929915150337592 0.150811366242749 0.985167338256267 -0.0818606079667084 -0.980969910539407 0.159382476941694 0.110883548923888 -0.260801889097636 0.505196725891519 -0.123878763832067 -0.0086184457189105 -0.593855943979971 0.238334366559054
3.17887272760615 -0.120638821518597 0.397459838067988 0.119813486218671 0.664941447159583 -0.737222799374798 -0.980867088303671 0.194051194805631 0.0156147904353606 -0.16057020234904 -0.0524385154885498 0.294680838508586 0.464166347001149 0.136936848586024 -0.532910352157229
2.81283248356655 0.231858076661553 0.483395308610184 0.0610282917409205 0.057088309712281 -0.996502064784473 -0.957727198895279 0.284543156584031 -0.0423525148244394 0.0709320499931746 0.608801665033175 0.153732562439252 -0.641653074709772 -0.235579990511059 -0.549521180535427
2.55450187637618 0.63506366930207 0.402491328191516 -0.157226178792034 -0.628279491045113 -0.761934890538373 -0.9319043963058 0.349743114723538 -0.0960930671521287 0.331543195977909 0.0334275090010042 -0.160494904468905 -0.138119881983503 -0.0227830417537262 0.243076284556608
2.11805513036381 0.921632848733708 0.242523800560264 -0.107637742854766 -0.89982310818035 -0.422767557122162 -0.96795610318825 0.19189253832887 -0.161981986238697 -0.507959962016652 -0.0334594488291152 0.0756456793558092 0.156568139213214 -0.212026046861116 0.0759343305345332
1.70478655291055 0.947424995195306 -0.155083283854637 -0.0632241540012923 -0.90031548053004 0.430621233230693 -0.981232682959581 -0.0226824867143807 -0.191488467816888 0.217202969931577 0.275479579646785 0.141856554635384 -0.359196146479784 0.657402552600538 0.513186166539488
1.20951884381152 0.718770533358409 -0.400974956805555 0.0692081324295051 -0.549187658063344 0.832828341563543 -0.990327927419145 -0.13845394896595 -0.00900360833020436 -0.165150873620982 -0.705461179902796 0.2368070234772 -0.45168669151099 -0.0437163087916146 -0.0320223789839616
0.752143011743314 0.314228618730326 -0.501371423231717 0.118748236861077 0.0895250302468525 0.988880190052605 -0.956825775501973 -0.255783126746747 0.138055518268985 -0.560600940775265 0.572581744532274 -0.297048711976227 0.0612898362228652 -0.321450857186227 -0.312659209892998
0.481667039864305 -0.0528546927430966 -0.353782179987775 -0.170381286827039 0.630519636309599 0.757241657528487 -0.928496541821074 -0.360048215406721 0.09088123026955 -0.266729469007352 0.325069258824658 -0.286519789356278 0.415909466688657 0.231382709148269 -0.468825994327749
0.113657658867481 -0.361413879827907 -0.106309778421888 -0.0888645581087092 0.861921308009652 0.499193958115353 -0.94038293219977 -0.237792709318351 0.243175789651521 -0.107705944065324 -0.405366974391859 0.193042269359739 0.281034427538652 0.170762679407051 -0.340850833328845
-0.186473058562981 -0.477489683072505 0.316824015976891 -0.298087118895657 0.921260651727993 -0.249845542344486 -0.954486649663058 -0.284947924572024 0.0880898831699164 -0.249062141095001 -0.963708530845267 0.489855606783834 0.140617904181659 -0.330672279838302 0.450631162987394
-0.64475017338961 -0.329855699185572 0.575292537615795 -0.116560601254217 0.759991991714138 -0.639394781804212 -0.992312002682965 -0.116079395626839 0.042923519306262 0.0563679036154329 -0.0316828844243503 0.668176075401445 0.37487205086713 -0.148218623299391 0.281304205827543
-1.0716080957182 -0.184003703582675 0.71730320576475 0.00492909407524675 0.00345030762609697 -0.999981872513514 -0.968890048957873 -0.247427447330158 -0.00562954870691434 -0.740593480383583 0.296557212235625 0.171843536435977 0.017168802141499 -0.345062758463198 -0.285468304482213
-1.55937327019272 0.0458995606218906 0.626061141793912 0.0990233674854871 -0.464701681736185 -0.879912862496088 -0.99460699943171 -0.073627311313366 -0.0730465629952977 0.255139909797682 0.000124259060943483 -0.203681962232825 -0.580700591512351 -0.0397889459166954 -0.259862323701914
-2.04056401934979 0.2858118987144 0.437980215067611 0.315766583817764 -0.774639418437696 -0.547928017609849 -0.930383213994154 -0.13944446396937 -0.339031285616743 0.296229646562855 -0.292939004123003 -0.250423741589134 -0.490137488129159 -0.131008375550221 0.130219123345831
-2.32484393970743 0.299689375540652 -9.872954642276e-05 0.044403913773021 -0.968379301205727 0.245499036073624 -0.926576248773041 -0.131790599567197 -0.352260750282904 -0.0826146072438102 -0.338617956545808 0.196312953475276 0.121933197696717 0.105216759864911 -0.658335827982746
-2.70769651606109 0.111551058521144 -0.348910648490588 0.0560790051163121 -0.762619642353441 0.644411589468636 -0.868025270515459 -0.356158733260348 -0.345952285109305 0.481535962477362 -0.386753764631618 0.311732655116656 -0.12690650770169 -0.0879915322363131 -0.745751511802159
-2.91137325428052 -0.27470198504983 -0.668288841824747 -0.119703759158443 -0.264687512319602 0.956875860891594 -0.798587736301073 -0.546952470569124 -0.251198157370843 -0.230689028699625 0.0712911244731222 0.214736383055737 0.0418304885328125 -0.122817332163493 0.181366920335031
-2.96889936835856 -0.840341927393098 -0.752477331398055 -0.52957313071048 0.24607650979422 0.811787262435293 -0.744635619497606 -0.593226055663369 -0.305942209454132 0.190460025208916 -0.0763839364371336 -0.158905594072241 0.125798384286757 0.110111818019848 -0.694975455598406
-3.38297811018846 -1.36465791960453 -0.763061515256695 -0.418469871967892 0.748808329281616 0.513973677758045 -0.906913375661777 -0.374983176547183 -0.19208253431869 0.0902025727856731 -0.748444012478732 0.100732931826354 -0.662052525504232 -0.329093404633445 0.390848721082324
-3.83457142126714 -1.56931156019706 -0.5152784037342 -0.259193197774842 0.962266635833746 -0.0828357040906206 -0.940190213804821 -0.271013086938506 -0.206383607893915 -0.352333961111333 0.346398364786052 0.226015175753971 -0.28438526479677 -0.265851588355472 0.0517127123696284
-4.32884612179978 -1.68315033782298 -0.480064307153071 -0.0484794195621499 0.954423413476755 -0.29449210590362 -0.995049009884562 -0.0717593511519226 -0.0687604593345158 -0.675985993413977 0.172894970307596 -0.0751309838437041 0.340447275333423 0.700147101047709 0.231517704409905
-4.76452219638419 -1.54256644660029 -0.224501901672397 0.0407636656581249 0.530504855008975 -0.846701131510459 -0.993877415037381 -0.0655665596621032 -0.0889303972259654 -0.539953996872778 0.336471488606746 0.0143615664945988 0.736563114735723 -0.269025220334342 -0.89467263725413
-5.18172501314861 -1.22697970225444 -0.102846753842499 0.102374643992577 -0.360277477773208 -0.92721058344414 -0.962587098516093 -0.270970415729576 -0.000992178667501259 0.255429732061287 0.490965768729854 0.304578704144433 0.191863671677398 0.144143188344345 -0.146708791255316
-5.66938653513303 -1.20695769161799 -0.249951097382919 0.286925030356165 -0.794461141808628 -0.535262031296362 -0.921377593064023 -0.381794231660964 0.0727763200372875 -0.0355448499934067 -0.712269630117361 0.0382978703266716 -0.0249202990931947 0.57945117134947 -0.172740983495191
-6.10629164384635 -1.32277180263866 -0.454536890042078 0.502036629142113 -0.859284189773316 -0.0979277268658434 -0.864702586885778 -0.500789181132265 -0.0387241363335819 0.381996201688877 -0.00250184138586994 0.0178797566295061 -0.411456049691143 -0.204878285954022 -0.189561763199662
-6.39671347936833 -1.59670125880096 -0.859186076096208 0.286051914689001 -0.744190572823628 0.603617965488895 -0.94780692914291 -0.312338012657264 0.0640852349510713 0.558276259207806 0.145784993869819 -0.59144317587903 -0.0819496182585929 0.160662802552315 -0.407714610065185
-6.74391913724007 -2.00049613152234 -0.92211947074685 0.312583167121321 -0.388813944071044 0.866669128218711 -0.86514677422548 -0.49323935739621 0.0907520151960786 0.618424080911886 0.527483572737801 0.0796355963954936 -0.156487390858564 -0.0335896474314764 0.383488603538635
-7.02943450733856 -2.48690248797162 -0.861994443311673 0.198376265256804 0.335629066091117 0.920869066675416 -0.889502505683929 -0.332927228844557 0.312961130043747 0.522666348895825 0.235989119020086 0.0158209045077056 -0.291316551396676 -0.304548878002573 -0.317372224759239
-7.23703969017548 -2.90606885411032 -0.561860935954286 -0.0758728469223382 0.724543680855582 0.685039915466481 -0.70933203938121 -0.522061240204111 0.473603262529887 -0.105613365486226 0.344048066801442 0.182181846597862 0.494730018224792 0.250262170732814 -0.0348667220013671
-7.37554415697853 -3.18756383480411 -0.119857194756179 -0.361394087792901 0.92440552912427 0.121937095499744 -0.779097114190517 -0.371222962389985 0.505174301846252 -0.153923323961096 -0.449147968497638 0.255520320042658 -0.188767418022769 -0.341579161258498 0.346995445696478
-7.61461583578773 -3.24788256937094 0.343950175922146 -0.543057390769913 0.690734437721628 -0.477466768716428 -0.796322800946242 -0.24325951557509 0.553800323242854 0.102079631899768 0.0162742030735853 0.244315022517531 -0.390747582031117 0.738350459029128 -0.160799720938776
-7.8360186806951 -2.96509402121478 0.701105464745908 -0.63639632831728 -0.0733080969539384 -0.767870670860204 -0.701853656037035 -0.357943593824289 0.615855253426618 -0.73378907791026 0.223137015878442 -0.0832009164230841 0.413439824708265 0.152521787335919 -0.665032412948057
-8.25775118740395 -2.8123611820802 0.92057354836534 -0.295012789527674 -0.663368712629657 -0.687684023834754 -0.772908890972708 -0.257464125620127 0.579934462597237 -0.232161332123045 0.22915260889565 -0.163582958347586 0.489536073215245 -0.0457265896889574 -0.411206665565492
5.84291137680165 2.96459444451843 -1.75391429009686 0.414590859193186 -0.457541569216703 -0.786619371969728 -0.898530066212787 -0.342679597205954 -0.274252307138904 0.194013213495486 0.301313346989889 -0.0622331189263784 0.174334135129493 0.00119315207547148 0.111958553516606
5.46127473267112 2.95612357920654 -2.11918725812633 0.581326794651421 -0.798876230646727 -0.154453471310226 -0.770039520200013 -0.478827524268716 -0.421619842066521 0.0482420290223051 -0.274456139436809 -0.0932535498551762 -0.617028423081135 0.266138159629819 0.398891149384177
5.19551585331103 2.7907200044388 -2.47951905198445 0.422089867154708 -0.829613157909675 0.365488771589956 -0.732552619992695 -0.549629149643813 -0.401589816312732 0.0779227278352357 0.162096778295346 0.0985057004036106 -0.201043422165271 -0.441916049692491 0.197798422584508
5.05198237173877 2.35758355934698 -2.87240554984218 0.135692664015612 -0.478442738582624 0.867571279309007 -0.655917221809612 -0.699668671008639 -0.283260005127539 -0.197481915311077 0.000915582875278563 -0.54663164875196 0.500547435560183 0.224029095980647 0.166028598535898
4.95293219202087 1.83929178921856 -3.08151540148664 -0.20163950522731 -0.063024436845928 0.977429970842112 -0.695628432009512 -0.693309564125657 -0.188209515373561 0.776395198557683 0.0485481120525977 0.192823591658554 -0.218923539925247 0.0395617123184265 -0.433447875990922
4.75343772332753 1.36051273200696 -2.99229644730849 -0.507019270267497 0.472961654187021 0.720582127087744 -0.808343565820635 -0.551099547654392 -0.207050354046602 0.447344653944256 0.333554935844855 0.00275648142002937 -0.599871797865656 -0.627794090043248 0.426547882372185
4.33221092905376 0.994304342315195 -2.89848859091629 -0.319307426653731 0.743348766715143 0.587771452528251 -0.819196871317797 -0.528324110093374 0.223136790666167 0.062083926661234 -0.351265262746242 0.0628262509002153 0.0852400285238174 -0.277950574304563 -0.336832991140063
4.13914504755692 0.707857476493246 -2.52735496806568 -0.567756676091763 0.782861801148848 -0.254518419633836 -0.822916487869325 -0.531692796079001 0.200277609398671 -0.298830334984712 0.000944446611940701 -0.103316891331585 0.168797349246933 0.351455457210024 -0.143046809779742
3.70105719904349 0.614811043512734 -2.24739416967385 -0.342327706230124 0.579172565160105 -0.739845146005376 -0.923533458808582 -0.352319819625303 0.151514321073485 -0.236042262915516 -0.515977653015809 0.517876181339128 -0.482260907158391 -0.103156182289216 -0.227288992594079
3.35261941374058 0.73603310054576 -1.90920005651562 -0.214346202169362 -0.139016216350226 -0.966814398591883 -0.909186657655484 -0.333358420597066 0.249502846428924 0.113000420987303 0.667821519292354 0.330523152315411 -0.513604327398996 -0.392133456220702 -0.365509877767719
3.44442967786406 0.639340906261627 -0.41528670290154 -0.418987974805065 -0.567917455609651 0.708462232945361 0.907991738934136 -0.262043309927768 0.326931517323661 -0.16061427459103 -0.461739659289217 0.336541238083447 -0.321681588310473 -0.341831506099239 -0.332175136776959
3.88311018829504 0.681448531009183 -0.0643202858458523 -0.363877005571575 -0.925697414190396 0.103333155350596 0.863188794425306 -0.293444029145085 0.410847473869587 0.334311453946592 0.306976908936442 0.508964405664238 -0.311934633687968 -0.61344291692146 0.12379369866556
4.04576315437285 0.601452218025291 0.404930158632197 -0.0116504179091872 -0.838712727351838 -0.544449385252929 0.83861807569134 -0.304740322625852 0.451500781503847 -0.597861991400417 -0.252516962093981 0.104888196843377 -0.365834849800202 -0.000724241432951171 -0.235904263565554
4.25912979742919 0.242378375407284 0.751887389121578 0.215217572568574 -0.417478298820939 -0.882832451596227 0.666767850035125 -0.597689081555001 0.445183421023047 0.456645737941622 0.178602972770153 -0.254279106613341 0.0677135643040373 -0.198426026593479 0.644337271169634
4.48549285290301 -0.253482533350914 0.895148491696119 0.396794563382243 0.214855716472539 -0.892407422214436 0.825344241017977 -0.50897790013864 0.244434634158429 0.295183344894043 0.315917357054904 -0.40131375123607 -0.12944671191881 0.357355180136368 0.278961418591315
4.78000317025424 -0.680656843927204 0.867761113572939 0.454053578916167 0.698922811321606 -0.552577669693609 0.890468639609634 -0.33508699509411 0.307867161974006 0.541307701305566 -0.621450233758501 -0.516227286195216 -0.192837628893797 0.345073072797941 -0.597393028637376
5.22480635045266 -0.939055107230853 0.716412478412352 0.375215118418609 0.925434328079901 -0.0527711742402325 0.902823141199527 -0.351959823231515 0.247051683740223 -0.230747015897891 0.319243170769001 0.147272443857863 0.217022769863112 -0.249716589192576 -0.502211122662987
5.73820481846743 -1.00455654552568 0.485320376533664 0.171398370249871 0.835142470733142 0.522646703477205 0.923481434080348 -0.321005686393787 0.210088882843993 -0.227600500712488 -0.45472238278093 0.113538293936175 0.0929257642732127 -0.456868506297358 0.431113234653327
6.19784090287389 -0.856308799955184 0.397457254469359 -0.0612073022795936 0.579776118231197 0.812473514687535 0.970175589463916 -0.156723237981347 0.184924442849886 -0.298916037750868 -0.38124293180901 0.199397009689484 0.277551752873467 0.0417852507822896 0.0286385615767205
6.66113355835099 -0.588124597956073 0.421739479895876 -0.154965728191343 -0.148933650724938 0.976629015680698 0.938841374751841 -0.329913961134674 0.0986586847616132 0.0324149165464211 -0.360037168200661 0.591226173935493 0.25251280364447 -0.513861127819144 -0.116214716392121
7.12289030436222 -0.547136960905091 0.657202076677919 -0.312160065567175 -0.86116691404997 0.401182665086236 0.939471738099279 -0.342597880875996 -0.0044079777500281 0.807010969785466 0.209010628029729 -0.233203381510026 -0.145370014866631 0.117858623454665 0.00656000303161638
-8.62755447824301 -2.79607110443668 -0.18290156379777 0.623013834387022 -0.110873714662007 0.774313070370892 0.690005583736217 0.544163546177227 -0.477261188168732 0.0960972909708255 0.0224113324361039 0.0528452709688121 0.15983611836329 -0.356702691106207 -0.215468576626562
-8.23318516759751 -2.39849386587618 -0.176242079275298 0.5043892579643 -0.70556718191291 0.497761327634554 0.859898079422453 0.462866338173871 -0.215243843989008 0.203850555024574 -0.0966275429364906 0.172546528416394 0.167608789066502 0.15418891684067 -0.0242005056604209
-7.75779273408945 -2.07457649307058 0.0243308626638168 0.272969806212873 -0.955486631009649 0.111949424526774 0.946296891644465 0.245728781903506 -0.210093989636862 0.431193125491944 0.0113823976515753 -0.275402763771316 0.313753461656644 0.443376631280461 -0.0765404418822726
-7.24847491175699 -1.97889816417141 0.220394753140681 -0.0268775638820572 -0.760350565858724 -0.648956486445846 0.906306541089846 0.255370161629905 -0.33674085778462 -0.217282188221094 0.584760307156198 -0.403313158284887 0.186843322705626 -0.017879696555679 -0.127784874395242
-6.7947811703628 -2.01281432879654 0.220203449247975 -0.150181437914882 -0.493538153165145 -0.856659502841167 0.981800530386056 0.027430931219374 -0.187923468193893 0.00506685069071695 -0.453178574689212 -0.20872057461277 -0.223740325762721 -0.726818091231889 -0.206909098039785
-6.36496631130122 -2.25862799850015 0.189257341828039 -0.322069301347814 0.152891728351915 -0.934288691430733 0.930984848257811 -0.12800895017991 -0.34187841905831 0.20254669245097 -0.21141372542893 -0.0213658555562239 0.249390098026525 -0.665945733014483 -0.236855014691242
-6.07086206820246 -2.49168866281271 -0.170117130366805 -0.230855238345172 0.778170641676912 -0.584085820922808 0.964257056415374 0.102736143006858 -0.244240730623549 -0.0818400734002336 0.442520118703818 -0.257383927557749 0.243130076109591 -0.395002578736415 -0.219165054251547
-5.70152532249902 -2.43133661685947 -0.536520557300179 -0.301846231787507 0.952935718571293 -0.0283251686125964 0.843459716750898 0.253084805230637 -0.473839342995817 0.067711760200173 0.27732529224222 -0.188892832849629 -0.467086205376657 -0.0281307935888701 0.594575042892663
-5.45096644751348 -2.13428261214908 -0.940456117169532 -0.0419773776937985 0.681414722099481 0.730692666711544 0.794768359425748 0.46595940077337 -0.388876643841549 0.428429302408894 -0.317833620896923 0.133202800187233 0.311784780797516 -0.178932305977495 -0.106110493514087
-5.02527430268665 -1.72700267068258 -1.18180890291654 -0.200714347488519 0.381467693359954 0.902328022213007 0.889534183328036 0.456843966175706 0.00473330735467455 -0.179473849390334 -0.36108849548521 0.629824597971525 -0.0729029200468537 -0.0271332834738822 -0.333123844224404
-5.18881261180603 -1.45984970701393 -2.32777058802597 0.0193825446519507 -0.228894059419029 -0.973258328610933 -0.999469399320689 -0.0299206282975352 -0.0128677362675794 -0.151297402184576 -0.167906396227149 0.708329101930871 0.285494708329501 -0.308900384625287 -0.601989749293121
-5.54100992952422 -1.23181047738512 -2.559782027541 -0.0418897448584534 -0.811179784317737 -0.583294539698266 -0.973402867434106 0.164745366947047 -0.159203478864802 -0.0461381046421194 -0.152085945440541 0.409846939548604 -0.829268075970711 -0.0723134134337608 0.141795052975829
-5.99810854381393 -1.17541237310957 -2.92045377714517 -0.0335980511645953 -0.985074540441402 0.168817263001987 -0.983718507232308 0.0027566205890661 -0.179694603374567 -0.0575614713112523 -0.411177378212949 -0.0635018098616357 0.655663870622447 -0.119162825072418 -0.227988275319223
-6.35707101315826 -1.35133445551691 -3.24314410717787 -0.140671083463869 -0.801878360606789 0.580691531381855 -0.879668018678595 -0.167907888295346 -0.44496181799846 0.311222519882007 -0.539722590272728 0.284831777116158 -0.437614683940722 0.344942171063532 -0.218541877098915
-6.68103943720284 -1.73385536834891 -3.56147066911151 -0.204011533845362 -0.337353156080844 0.919005984534416 -0.941510663296884 -0.189579014853562 -0.278598956032325 -0.47896956737206 0.024553118345948 -0.0306310602893359 0.216356061832405 0.448811990867374 -0.0830957365596395
-7.06104356189284 -2.16338544583762 -3.57290607343319 -0.263668352672496 0.482218337798953 0.835430662985847 -0.960806117855256 -0.208162602737953 -0.183084412661593 -0.462640225060865 -0.29901098074366 0.0165077899265524 0.171805534038481 0.302084866323751 0.182358748793883
-7.47608459088021 -2.45158124186499 -3.5447876719945 -0.159371965104863 0.788917347248452 0.593472596198546 -0.987057202499429 -0.138206306519755 -0.0813447058844108 -0.288653964113296 0.416154107607527 -0.113786054294747 0.162934984375665 -0.182004355632005 -0.117566426766722
-7.94944648623627 -2.61960918779953 -3.23880025288682 -0.167535021906623 0.914112206930724 0.369229725537789 -0.956875803193051 -0.240929398062554 0.162300967958988 -0.129826148722804 0.104189144114204 -0.203956169497989 -0.00749271261576289 0.0685924005398403 -0.105175042243513
-8.27502376774106 -2.67507143547463 -2.81012529204851 -0.214820477160902 0.928483115601881 -0.302937503388434 -0.974034798078653 -0.180978430355467 0.13602538287043 -0.144418605346714 -0.196593686101662 -0.530232577843092 0.207702923254848 -0.0447226721365934 -0.257368747615077
-8.7265666418236 -2.55469378348738 -2.61161279907009 -0.11133018351395 0.620284029014096 -0.776436196029412 -0.992068786572713 -0.0234929711270865 0.12348068575723 -0.254001945278876 0.389159365048555 0.264143162217718 -0.383275532878246 -0.47772178864232 -0.607581633052582
-9.15964296545015 -2.31219235358793 -2.50454160814274 -0.00241745016504799 -0.435518815777823 -0.900176326003009 -0.989773968810842 -0.127345227905942 0.0642695920810799 -0.168314692351539 -0.554627396865084 -0.108277280934774 0.215597424971564 0.0590318359388216 0.180169416989692
-8.84665118357922 -1.93951993772295 -3.62010571901267 0.0729093454121534 -0.391670060894779 0.91721246792472 0.987970783378312 0.154115872060926 -0.012723036486505 0.0739856575974113 0.0274471165173892 -0.277309044259098 -0.0310613853531778 0.615927922207091 0.0991736769973416
-8.49075406388059 -1.60374539836508 -3.29455059329797 0.135850333338691 -0.848961803441485 0.510694045618663 0.985917829028724 0.166586266547895 0.014662638755942 -0.123360079907143 0.312857808225236 -0.841086505356909 0.442272585091467 -0.175155741797939 -0.196979259976563
-8.13651153607678 -1.49987693607555 -2.94104194097621 0.276263306688189 -0.946238960315408 -0.168256615640321 0.960680997565762 0.266826621433352 0.0767823440102815 0.240630705581786 0.0404462912302422 -0.110682265207249 -0.112910094195982 0.45801933670236 0.188566094214637
-7.68244320342081 -1.53002004236008 -2.74233770600951 0.0915048261090262 -0.744528053738832 -0.661290216795203 0.988534456213722 -0.0121828435218219 0.150502968527165 -0.318873444669417 0.193211495026305 0.0543969548424829 -0.27393245761362 -0.25834628891629 0.789148347970067
-7.29403938321515 -1.77788800008146 -2.50969910906808 0.167109622715451 -0.13839311458273 -0.976177047451867 0.979890966925442 -0.0861792288735335 0.179963078607522 -0.459798993937349 0.0552023414627337 -0.224548455315708 -0.323004446385961 0.170268978745897 -0.26959169116946
-6.93782722812185 -2.22155545288992 -2.42121258354631 0.268766112402065 0.476873826681044 -0.836872781142746 0.958556189160378 -0.0471581671455936 0.280973337830702 0.11157210939606 -0.0332733024736907 -0.0164612541787907 -0.0833006414123888 -0.222902467475127 0.000320716354675347
-6.44012437337315 -2.34071612126068 -2.55766130209651 0.017000959186359 0.854865329382489 -0.518571237530452 0.998912583975851 -0.0370400213348866 -0.0283119390382232 0.0460474465197076 0.0283124017723243 -0.163472556407116 0.0327164182351437 0.033235606461728 0.597707194441139
-6.00231287034188 -2.37853496457868 -2.84407758091774 -0.0187504603971124 0.992954305707359 0.117004417945762 0.999783745006584 0.0196732590476078 -0.00673690260375874 -0.379861512994356 -0.232625691454536 -0.169269747689572 -0.581713854370451 0.0263631169834646 -0.281092473436793
-5.57517303319877 -2.25104321228282 -3.20982418903283 -0.0635560808922978 0.890333004555759 0.45085219779863 0.978290296640417 0.144874696971648 -0.148186987157481 -0.234229617350086 0.4967767270418 0.145963809395275 0.403557186672634 0.280151327971072 0.187142522549526
-5.2034202627192 -1.96354872215484 -3.38047314742519 0.0173388573314825 0.48093066047549 0.876587113027387 0.897346036895617 0.379194576809008 -0.225790738851984 -0.345092636147862 0.17688280517547 -0.131223969830876 -0.144869596051649 0.290516913269886 -0.245156066095923
-4.85790892238601 -1.6353298671408 -3.55258318152718 0.0861914930558081 0.0337211102351697 0.995707721508823 0.907753138835156 0.409194039497213 -0.092435824809487 0.0258847502720362 -0.513302380838863 -0.0824596997654049 0.763833512528683 -0.287624923476931 0.0898848999246523
-4.55908087425485 -1.20269734539764 -3.48756422095285 0.259529628606101 -0.51907718657344 0.814372839980953 0.874838382460501 0.483522133677322 0.0293954187922696 0.0191277410517759 0.448339399461052 -0.120979774165487 0.325275799513222 0.0806245482073444 0.5831206505781
-4.37450428656549 -0.754647008169087 -3.20411730272303 0.454721794149433 -0.825221987992537 0.335017356644779 0.882804055045882 0.467388569335282 -0.0469555117269306 0.0481219463494399 0.184021893757385 0.0672872895615982 0.371767799662824 -0.198775338310636 -0.329697638851203
-4.01266144414118 -0.43558438511171 -3.05169970820722 0.405592853582092 -0.906346056202875 -0.118453185169016 0.899535847496169 0.372779818012521 0.227750649357376 0.0541856966933779 -0.430204072499063 0.883480514665383 -0.157768435699958 0.054507668074149 0.346428396559065
-3.6575255967176 -0.447769086386685 -2.66377366012748 0.446665574608465 -0.490345420747627 -0.748365674287164 0.894371624816146 0.267400167777416 0.35860353875828 0.149046692157294 -0.250701149631053 -0.228060425479992 -0.113470129011417 0.464934379456286 0.584703999668605
-3.19093602878275 -0.561031830701964 -2.35411105947648 0.27728489081881 -0.0752061702694301 -0.957839688630113 0.957273021201361 0.106819413645917 0.268733720793695 0.165114286867644 -0.495391937564323 0.325306823373782 0.26530793755223 0.135424154959607 -0.470775918272453
-2.67251803300102 -0.673591704620165 -2.3335640421776 -0.0305536982877065 0.422191543919004 -0.905991545434049 0.97764932450384 0.20125455132145 0.0608142065389188 0.0415534172578633 0.18319587472013 -0.18337508157548 -0.347544567380689 0.226426384929684 -0.340965143984813
-2.08371353697501 -0.857672974633871 -2.5350657945196 -0.252560369310067 0.689751472559796 -0.678569086784126 0.964733553686317 0.233274792955433 -0.121950507983504 -0.0413308280351617 -0.276277679461384 -0.351832230987497 0.273002114094805 0.0968025883788918 -0.488973897013037
-1.70461518754236 -0.892794644729989 -2.84337354617864 -0.227485670019821 0.972207140299454 0.0553482065813356 0.967752507556555 0.232026755862758 -0.0980741170534834 -0.156041499674106 0.246409332304375 -0.120030164104325 -0.62052042446881 -0.210171891478306 0.338766015618192
-1.23355947078823 -0.641115775408252 -3.20152703706022 -0.235432191951009 0.834600991308346 0.498008815539727 0.92677039994912 0.347105386810753 -0.143577670786466 0.339468505974358 -0.0229129022587849 0.0854515396822265 -0.212658723334671 0.0259708309595696 0.672309785264359
-0.906684523130928 -0.266721141704508 -3.42005333829012 -0.214383602258787 0.218624190571588 0.951967997068327 0.952257615059206 0.263669033164776 0.153895940555643 0.250395987996578 0.0164572049619849 0.149442238707217 -0.594033334924323 -0.226491465129608 0.271141043097635
-0.639688765993972 0.138980528871897 -3.36658298227945 0.0329031512841742 -0.368567611089341 0.929018405932717 0.961142022666227 0.26657555721554 0.0717170995863502 0.261482781752572 0.0574755090426723 -0.235545612683059 0.212251114817629 -0.312876808206822 0.102767677739504
-0.242899576704634 0.450665142357991 -3.15747936707483 0.0939421634044853 -0.786452192073112 0.610465211584753 0.955139130816041 0.244178697191164 0.167588637931924 0.489326677696643 0.0472430099646996 0.139427694283254 0.407732503862843 0.258644451570625 -0.107685761647637
0.124698362022716 0.562976475196692 -2.8195681142131 0.0722458501126785 -0.997330203741866 0.010617597207781 0.920297714350364 0.0707618802308818 0.384765922156249 0.15489552549929 -0.0250330806962492 0.055027868729508 0.246909404193392 -0.183404713220118 -0.643765084884985
0.515899533796647 0.47265724116825 -2.43061176531351 0.0903748489176354 -0.818514279898093 -0.567332938698877 0.913025168418286 -0.159428277863772 0.375456490587395 -0.545281316571891 0.235579312168468 0.445277291082414 0.206967108560584 -0.0123582764062431 0.572251360100074
0.827279002189657 0.112431899366413 -2.18798803634552 0.172466604236657 -0.220320688337193 -0.960059335323804 0.977946653220916 -0.0782574838579283 0.193638955760016 0.226760702841838 -0.0608439705669122 0.074069981330575 0.00497456844203676 -0.120156498378443 0.169742612156412
1.28462222126219 -0.28113035545033 -2.1392610922793 0.0633803088543169 0.299407512564393 -0.95201784389063 0.994505717171918 -0.0985849020141921 0.0352041975678427 -0.29322879926855 -0.185119243244356 0.0837302537658892 0.251839210140691 -0.355293834855844 -0.525352413168631
1.71171495300032 -0.485178893068053 -2.32438026148225 0.0081780227340013 0.891525617230878 -0.452896349300517 0.987493467323069 0.0641118692989824 0.144035422721186 0.750552163499066 0.530895995251925 -0.0908832221997494 -0.19516092603241 -0.0557588579534748 0.396200533362083
2.29506469395186 -0.437922859223349 -2.39195802420866 -0.272356892898319 0.926738357685478 -0.258800337571888 0.960550155234534 0.246145088478342 -0.129444759549813 -0.255641339042385 -0.0211686771238004 0.320302986561752 -0.0749974655542218 0.718121541381136 -0.304650668606599
2.67574090823604 -0.219410991173319 -2.70404256048558 -0.354199548531681 0.893942801935762 0.274606670406591 0.904849482306991 0.40177353428262 -0.140802394902343 0.203907205117786 -0.0611223859743504 -0.404631464338122 -0.0986950228614078 0.0510289522969243 0.156720908439409
2.93822414881537 0.190075543016505 -2.97527282578143 -0.1318520131641 0.468628293419646 0.873500027083301 0.737767025286432 0.634928288349908 -0.229272233991587 -0.75485579945457 0.240784602567044 0.210058618320422 0.109431289637357 0.527710862787561 0.155844942561867
2.97761924984158 0.703558600393563 -3.07010977563237 0.433270273255607 -0.0728305428534689 0.898316465515419 0.606560679599161 0.760777063555845 -0.23087287468241 0.00328107317270839 0.606923751232347 -0.309842204847413 -0.253047375321359 0.0823389175981352 -0.0824033132804361
3.14149745906122 1.27907089552588 -3.00265839716039 0.592759496377587 -0.501492465663079 0.6301914543388 0.699789070249708 0.708033007499136 -0.0947859569789537 -0.765081827851907 0.216663550541962 0.324240989540647 -0.553618513298113 -0.0557411792065535 0.0512542609504089
3.44550179951213 1.73544745316111 -2.70481004168738 0.559249526929448 -0.80865267202904 0.182539548439089 0.82889389524079 0.548965486153989 -0.107571740477599 -0.518474169441153 -0.0950743273559231 0.17911654294977 0.408505689840877 0.00239707798443035 -0.115755921265886
3.79668963035097 1.88601858426968 -2.37536378605111 0.512217972423975 -0.761453073658482 -0.397267991623915 0.847213740792896 0.523873384993079 0.0882353460215297 -0.154152783151366 -0.473013499819553 0.968523836810082 0.132867583560412 -0.389105060649814 -0.470368007313193
4.27874894952124 1.94727819446999 -2.09554258485912 0.291124224960628 -0.524753026301957 -0.799925514427713 0.941171108443862 0.307066235836253 0.14109282339673 0.550049283271723 -0.366776524463876 0.226023040691264 -0.578614715323314 -0.205617403941902 0.327036475364283
4.76371076476077 1.79393661402644 -1.94692747935215 0.155117726730215 0.0292231777465831 -0.987463528824588 0.901095394164487 0.405522898189211 0.153551488163433 0.362620446455715 0.384959846325921 0.388691075289962 0.63162128863815 -0.307328087286065 -0.169475793430327
5.2666344651167 1.73475582983733 -1.88791140933928 -0.253162008437687 0.527595726806399 -0.810895600256758 0.808060340805893 0.576197518661419 0.122616473694687 0.000559909124859147 -0.172180374383834 0.14651282463509 -0.291000187757199 -0.169068651070892 -0.0700541794016273
5.68160632360032 1.75459098039759 -2.0982776037759 -0.421742774486484 0.864185426259224 -0.27443841155248 0.902069945921195 0.430500606386561 -0.030641260120122 -0.402368141283734 0.237669665332956 0.493249018485772 -0.0995157877980887 0.165667851890694 0.35703543724512
6.03376935028853 1.94231119151318 -2.47754039206882 -0.308114139412411 0.828371749419153 0.467830989568046 0.906443251912598 0.404921674857863 -0.119995601371419 0.0472934050185786 -0.0235894883582795 0.000361392466596075 0.353158122711301 -0.297863633650699 -0.355801078449518
6.34261294879177 2.30009510492695 -2.71484682481115 -0.354247546334689 0.447135417213128 0.821327270359513 0.894055826137182 0.419440182562054 0.157270460418778 -0.203516436073001 -0.427078374872817 -0.0602841895214032 0.118706318981168 0.0574162903410464 -0.520200421375585
6.69576654026236 2.6629190646872 -2.58015781479293 -0.333987083041691 -0.120064023317827 0.934899462151023 0.882571348981332 0.308405085198803 0.354899904278211 0.0875978266170493 0.256538176654036 -0.209638170472128 0.387673741720098 -0.030281501825998 0.15029545093888
1.73193234334777 3.14949881658184 -9.00119031384277 -0.782472748869902 -0.532357757869947 -0.323003618926725 -0.450854430384583 0.126573836665178 0.883577542819261 -0.139295810882674 -0.399273078664273 -0.363610882257024 0.0638093568479148 -0.20081476198073 0.156194290747725
1.29079481681003 3.38576965392158 -8.70937669916177 -0.346032783350236 -0.921367841702029 -0.177038160230406 -0.532883488432589 0.037700738801126 0.84534830052227 0.258036015573599 0.135413112757482 -0.339384283406149 0.561940360714725 0.48616267395224 0.174428716030931
0.784397855430965 3.40455522628472 -8.52421561268181 0.229204181740947 -0.950419040554576 0.210164332672704 -0.595301121375783 0.0339547718472018 0.80278486673669 -0.461078840154107 -0.0746637406326902 0.0681289778516152 0.102137018575091 -0.0331667762977167 -0.20276769175664
0.354998607029613 3.23767905903694 -8.23489390066071 0.687107872001421 -0.670228588126243 0.280492938831708 -0.471693245406278 -0.117863381055488 0.873849975594984 -0.149682345313283 -0.167129659668398 -0.0150497590026607 -0.146544503556799 0.332323183722016 -0.0568080598769064
-0.0254822535466156 2.92896368517453 -8.02354962082481 0.86469214014524 -0.25532928128735 0.432567119702363 -0.482022709093248 -0.179567837973071 0.857560136882259 0.505718791087801 -0.141852302492289 0.140577800579463 -0.0615750873957983 0.475996622237153 -0.422042212120804
-0.239172990295518 2.44914742042584 -7.71976102533955 0.75769184344906 0.336867552568732 0.558948162858214 -0.439338753217533 -0.370037593849927 0.818567964062691 0.0824974142547032 0.0702859266594221 -0.356441665081921 0.13298907457695 -0.334453821097647 0.0363043813783199
-0.313104319689514 2.1539577017362 -7.28270741005575 0.445828282266317 0.818804187992931 0.361658333468113 -0.255381599250137 -0.270888462494891 0.928116167282782 -0.113193930092745 -0.466655737896977 -0.110572477738363 -0.228163020020671 -0.518356754776785 0.0811062924954163
-0.132658174623312 2.01715095574484 -6.76501525352626 -0.00900370383828687 0.993083982884366 0.117059879974258 -0.100975233266871 -0.11736919332035 0.987941492734505 -0.594859110950565 0.404085924888316 -0.345119828228402 0.185219609054476 0.240640375874834 0.342928267637675
0.181546787299501 2.07417116138469 -6.3279246497102 -0.766585079335175 0.638139045959218 0.071594432518195 0.0132415429419898 -0.0957602353419824 0.995316318623603 0.0611273644871096 -0.23200308172742 -0.232839132896486 -0.0656670116139903 -0.234898240466735 -0.0967171759951068
0.26866832614195 2.32138680220799 -5.81022285652358 -0.967190950058944 0.24240582766476 -0.076032933692407 -0.0644867857465631 0.0552270356716874 0.996389147132039 -0.414422636307349 -0.0876011464080238 0.160387668199442 0.398460116837636 -0.525862456323927 0.00768393608852825
0.278437984840889 2.6473370175465 -5.45854249029796 -0.967712836361415 -0.250404478453348 0.0287984655962891 -0.0632254596167444 0.351753140981676 0.933955123691639 0.0562384658348468 0.471131928321127 0.105044741921511 -0.304542254006536 -0.332378024773639 0.262968244567624
-0.00821990987877456 3.11017578272741 -5.09915111384635 -0.714637426303929 -0.682884087907282 0.151533947322392 -0.0355432207167349 0.251803824080043 0.967125343112236 -0.170085438259115 -0.390667814416881 -0.193979893226425 0.454718902633284 -0.0490152193809738 -0.0864102322768125
-0.284240995934288 3.29473961291527 -4.70352581256363 0.0319511104492089 -0.983900262404335 0.17583880169619 -0.0853387797312918 0.172600662155197 0.981288037643059 0.16537793367232 0.323273806905456 -0.372406843857992 -0.0146662209028721 0.0856494716928529 0.101614392357147
-0.584163578617843 3.30007546708184 -4.10954247495643 0.347284255325022 -0.932425200585019 -0.0998839420701049 0.00854529834084757 -0.10336231166815 0.994607050936958 -0.104409545075254 -0.000826222446029891 0.0578859832506311 -0.126707015185931 -0.428465532457782 0.359951689726726
-0.818150398796376 3.06882734385093 -3.76759266851585 0.878349272766574 -0.477976074477513 0.0064141087491654 -0.0883287896825455 -0.149100461454502 0.9848690429536 0.401170259209888 -0.126625465287879 -0.157206319351291 -0.148114824327675 -0.662852892178156 0.0981998561495725
-0.806254244797483 2.69952851110976 -3.38739611350438 0.986382137660697 0.152644295664469 0.0612365006417154 -0.0319639386669741 -0.187312094220323 0.981780227101483 -0.316203930338449 -0.255171702656659 -0.244226912352885 0.161431800107891 0.25352082017873 -0.160207649982338
-0.717819478986078 2.32530947511277 -3.02381950671582 0.788807014012431 0.6075993786465 0.0927704019351417 0.0828743070928325 -0.254695331584462 0.96346355551863 -0.0905162422089396 0.417474906759782 -0.227304766080825 -0.073983681359288 -0.303734529267717 0.371688515550198
-0.457577474716233 2.08365902405671 -2.70151968189499 0.304559427330058 0.930784701143603 0.202195717484268 0.248872076801242 -0.282669316608618 0.926369605683447 0.431193054968697 -0.0415710489510149 0.140471483800633 -0.00606696422312556 0.18319821165627 0.114202714268058
-0.154162650848866 1.97998843814801 -2.22299759190811 -0.263979721426991 0.962434604839919 0.0635156008427825 0.23215361527582 -0.000515820069596137 0.972678966022077 0.378715452193252 -0.198430831378567 0.0233938335805222 -0.297309830580983 -0.0746218748325585 0.191782321571781
0.149275454065742 2.2600110056958 -1.78190372623105 -0.899076321993993 0.437633837458403 -0.011759873119618 -0.021463492871967 -0.0172333643259871 0.999621039680822 -0.610662625556698 -0.0319261430742175 -0.47881769448813 -0.882311095709459 0.154541601123667 -0.0331382444292103
0.186352670870163 2.58999458369196 -1.37095289204393 -0.99132017755877 -0.114437591068125 -0.0647167800303589 -0.0871411334241058 0.203357296855989 0.975219023815313 0.0670108561515344 -0.0355450328438672 0.125014938160496 -0.0458900855302381 -0.302261844660424 0.509585779731777
-0.00134612867579859 2.89248233020657 -1.01392607673087 -0.743942628391158 -0.667400578488234 0.0335518681122002 -0.186514059708829 0.255594318632536 0.948622131845951 0.0481130419331437 0.148781382198816 -0.279247143413452 0.111099246836663 0.0104110094295509 0.0182092702517023
-0.282700390038418 3.08531131576823 -0.555329731167419 -0.272032250976397 -0.96137103301415 -0.0420005492389033 -0.211811118165617 0.0172444100978056 0.97715843564041 -0.250210485819942 -0.150205621366924 -0.0383267181880044 -0.463301065485334 -0.498420801667675 0.274812641203333
-0.699306674626075 3.02447064178193 -0.257724617461193 0.348989552075683 -0.923383804165194 0.159900989207971 -0.278481237662273 0.060734392238507 0.958519413158495 0.0272168332265387 -0.226205968367076 -0.0833613918219736 0.208842588523366 0.165984632598552 0.449339273973732
-1.03240309141202 2.89736147426772 0.132602463287412 0.784260228841693 -0.610005482360726 0.113265590055842 -0.2276455569171 -0.113094175210943 0.967154160029917 0.104614858282646 0.0836794747162833 -0.0990645960720679 0.118949170702779 -0.205487279605901 -0.119917388166552
-1.25530542243962 2.55346222159692 0.44590890177966 0.95999946324604 0.00022538432570951 0.280001556476205 -0.27838183652248 -0.106639915629572 0.954532023867002 -0.173533704674433 -0.044638150668912 -0.0984652082411686 0.0316441763787568 0.253248191149908 0.10481763263729
-1.34731594434227 2.26606792326574 0.937525445022899 0.837198711263507 0.520795921511506 0.166942497465292 -0.165874735270828 -0.0490705764608466 0.984925185106083 -0.159427937127896 0.111732867730286 -0.347520831090482 0.409867022350279 -0.597874580184119 0.2147783174754
-1.23323486887005 2.14221462868792 1.44261096083942 0.525566825873339 0.850733020043381 0.00572142983646101 -0.0136008377211947 0.00167766323061644 0.999906062354798 -0.282114560107827 -0.577217796036703 -0.148179415215542 0.0105418659906968 -0.385619273634262 0.133697463440213
-1.06555035074851 2.09063074287122 1.97622884450858 0.00423090020753245 0.963494188497703 -0.267695686873491 -0.0509381314241304 0.267558194360803 0.962194306603683 -0.401220849786079 0.0621361922669071 0.383087212597267 -0.0379996253229502 -0.696924903268524 0.219510331340351
-0.817715453077361 2.3601395054892 2.47991095280034 -0.513540724201266 0.758880886531175 -0.400469240744905 -0.29969161248095 0.278691340051517 0.912423128817055 -0.168604853062628 -0.104970405400121 -0.0831812222104997 0.477042277294207 -0.068417001793695 0.49625496114265
-0.821082215174091 2.6666556956317 2.92173603569989 -0.855216136341743 0.222355782776532 -0.468148695250236 -0.31713140582404 0.489924283960008 0.812035588711281 0.0725275171295569 0.609409906831546 0.47480253004973 0.0548683962968017 -0.374032615837532 0.130465278428507
-0.883181320480933 3.15428084308119 3.19007418925474 -0.89394852100858 -0.369960830478119 -0.252952335028837 -0.427010978570898 0.531734832144111 0.731381959057975 0.0110393846296949 0.472859715900309 0.132720893683117 0.115647673360765 -0.24896688855067 -0.521887559525633
-1.14310495072634 3.54080826457302 3.34347298822235 -0.626287419900739 -0.774099087237767 0.0923824947114854 -0.369952156873608 0.39941619487536 0.838809842599876 0.0539096010983216 0.367740788775982 -0.614915167019989 0.0899566298762398 -0.351077361983458 0.322012858914537
-1.53808216172 3.81390660281094 3.4852385933159 -0.0515968978317136 -0.938845966511419 0.340449531899282 -0.375351666516157 0.334139570693454 0.8645587455959 0.028526217726426 0.589817624052684 0.135457076798209 -0.237073575329494 -0.363380615396951 -0.0580085768026973
-2.08040797077262 3.81963430256384 3.71821656746462 0.385001070274732 -0.742336640100292 0.548370534702154 -0.293319961952695 0.464945386358214 0.835337705455484 0.123887832443979 0.164293741265067 0.075790492349023 -0.136156535167606 0.084832400522024 0.191111071996463
-2.37709494001755 3.82935562049611 4.15938333896204 0.896913477539772 -0.296226179871632 0.32832326637859 -0.198681796127498 0.39335714748622 0.897661195287741 -0.141422427959417 0.352515692277062 0.294979782380672 0.127367409599898 -0.276436739304574 -0.588342156966737
-2.45120635302675 3.78138483452872 4.74908982106842 0.987040713661317 0.115230787591178 -0.111679726161294 0.0831036525930617 0.228297535040287 0.970038132578535 -0.283461073047249 -0.549050931256292 0.152425684990499 -0.213319891961003 -0.0777567632304837 -0.317133004186216
-2.37704542736646 3.54516682546532 5.21097237055332 0.712050142066003 0.669641857511244 -0.211102529861087 0.0487946407746988 0.252739283677721 0.966303190241648 -0.427883018709 0.0154801234974858 0.110962111922842 0.311118347805016 -0.368465813589586 -0.336951885862148
-2.16093791609235 3.60859349064112 5.70607149641225 0.188378732907814 0.841394858387317 -0.506525489144406 0.0138379624957629 0.513434180975562 0.858017343385713 0.0167900982358562 -0.041109836984672 0.207764025220353 0.347349550171062 -0.466489197759723 0.359923758508007
-1.88452585526802 3.91886070561066 6.18311378451125 -0.289718382436673 0.689413096316229 -0.663907152657892 -0.164529454881207 0.647457502214773 0.74412947891172 0.269327547037507 -0.0690830133079377 0.23959577419589 -0.155241034123213 -0.574860744897196 -0.247530424848523
-1.69815999391219 4.38659792028659 6.38924950382827 -0.849011423560944 0.263533685790339 -0.457962326035039 -0.179915699259417 0.670753389629806 0.719527724679559 0.314075213291012 -0.20624805385599 0.523275546750378 0.162684838784205 -0.185914642437249 -0.230057665040993
-1.7737982455739 4.87761936735832 6.48278343502113 -0.721932343841671 -0.653053376792083 0.2287680025913 -0.153148505931847 0.473204571225811 0.867538376007017 -0.147623387980294 0.123960548834853 -0.427190645011642 -0.0127616789433436 -0.120361591039375 -0.769491034370049
-2.65532661203287 4.7506157392526 5.78057301868594 0.832571056974555 -0.247333284675746 0.495632518566829 0.41006664471232 -0.326323033035911 -0.851679810827126 -0.240886739298598 -0.378687548427427 -0.147117403885501 -0.202845193280416 0.350309512077377 0.531683353550875
-2.23742171734682 4.75084550052025 5.39772300647892 0.355030091545344 -0.673299884371373 0.648552869530995 0.495762160044395 -0.452562008772073 -0.74122020302762 0.312077115904154 0.150148465145635 -0.289199813447546 -0.132608407289626 -0.128291368234196 0.267052786388421
-1.88966132094075 4.7092892700871 5.05877759183843 -0.201135508069169 -0.845448897729817 0.494732810314862 0.480564555470784 -0.525264736923546 -0.702249614078279 -0.322558650124505 -0.287216836093156 -0.0681721631689243 0.502928365276916 -0.393032718944288 0.0382627794670035
-1.45525170328179 4.35924493998932 4.90146311144956 -0.722907814372188 -0.603159903733492 0.337049178518198 0.182684703156262 -0.63730194720361 -0.748646950655032 0.355100029187336 0.796479064454409 -0.0861956816518549 0.566095480040739 0.237639798705864 0.458900914238027
-1.30560034446803 3.92231892859684 4.73282575025041 -0.991692742955125 0.0539519723071796 -0.116767256232034 0.0662794660705736 -0.563660847360052 -0.823342823217046 0.196424653585086 0.599781653157781 0.0788115865598934 0.0672806640022626 0.0248412816357508 0.237093741826805
-1.33644379664653 3.36841084300628 4.49625989998294 -0.859992122969073 0.442594683006309 -0.254014540497578 0.0113170529666346 -0.481104105498222 -0.87659036377035 0.00823723882561214 -0.00869059291284348 0.103668056573569 -0.0245852943079858 -0.040149917590711 0.157983680563576
-1.51993491695659 2.95943677925515 4.28632501099771 -0.499927055715802 0.734709362809984 -0.45855733433903 0.0734526751904929 -0.491594089746531 -0.867721013447635 0.770121738367769 0.354781144266569 -0.0170169498314413 0.174916009009058 0.694652147458956 -0.0589741866355124
-1.79259545557335 2.6463097914061 3.96911468611959 0.107064557913422 0.892409329293131 -0.438340823941533 0.165919083278101 -0.450729391985938 -0.877105412684637 -0.405791029679238 0.182049590534381 0.385092241649619 -0.374204077477056 0.119843242235134 -0.181744539776433
-1.93535379459149 2.56074608367707 3.47805344592681 0.585917864745398 0.795204519648872 -0.156044020767445 0.140201073284384 -0.289126918151499 -0.946968411195898 -0.0315171863816565 -0.291549043350258 0.0748173863126431 0.384890009702747 0.344663374704337 0.0949121954901174
-2.01077156197829 2.74747645086387 2.95644411033842 0.952446720411212 0.274156382186024 0.13297901744592 0.202547237350422 -0.243606890850666 -0.948488368246704 -0.0336776713049698 0.10619490865058 -0.0292374340558601 -0.231642235487149 0.264760593594866 0.0971718670216616
-3.33091649628791 2.5346618986137 2.59272157040348 -0.78191169113782 -0.606392145774733 -0.144577320187245 -0.394184155785759 0.301270768192876 0.868248075425998 -0.457279785169875 -0.10853781878179 0.0204991802696706 0.369589582685906 -0.118497089549656 0.402123059452736
-3.75397836849395 2.80359111565449 2.76540296374636 -0.100148224438966 -0.94835310006285 0.300992533385877 -0.327913755158709 0.317071622146222 0.889909008345345 -0.103552392241541 0.0671008774963316 0.183938982293847 0.250078489683011 0.325196167581773 0.340182831252762
-4.31064852205277 2.8023259208163 3.08576293256184 0.421122752380602 -0.868572516108542 0.261222731088572 -0.383692906422452 0.0903659233367034 0.919028650798617 -0.0874302491139795 -0.0652448621159441 -0.517055526080975 0.35060906510881 0.045775266736726 -0.00160094544942582
-4.69777798609852 2.54486871682125 3.38781239921149 0.81547048005798 -0.377588060115515 0.438674224140657 -0.362737665954318 0.257201403482437 0.895694588039422 -0.205756984338359 0.615505529285517 0.439313602959429 0.359515951197275 0.129739634529668 0.403973140057141
-4.9044363114165 2.26602875872089 3.7832209555552 0.846455471179331 0.382349477149034 0.370569714338065 -0.515183928499372 0.412263190359121 0.751414942646785 -0.105825899016266 -0.249649058020205 0.15632806660129 0.382806707329598 -0.0784387217043083 0.1999231624801
-5.01037404763251 2.18602237791002 4.26174085394068 0.641128877259203 0.767318104419433 -0.0132889469296535 -0.483853716496457 0.417601154438556 0.769086920590319 -0.0475439900013011 -0.00651733515068694 0.347258252836741 0.104113941787366 0.515522129523346 0.427774310478019
-4.99404769843069 2.25293035141464 4.77019599510732 0.350570457163757 0.900231430866275 -0.258231770704226 -0.355570941862662 0.383024964631904 0.852561502610868 0.0801329960103043 -0.0859556981970703 0.0339129173358704 0.854016625417806 0.427269388944997 0.374788896487907
-4.79902133514911 2.3649853322247 5.16902969657048 -0.240104033390386 0.87172785972218 -0.427130584195299 -0.181464526169846 0.391940742443498 0.901916314408087 -0.229131227291208 0.0814554383643676 -0.0828189017058313 0.350975667813714 -0.135787023945315 -0.232231839860692
-4.68010000873348 2.7125297583363 5.55679092179521 -0.676276077394733 0.519076144291162 -0.522695406117718 -0.336134461188807 0.413938904503606 0.845971681250123 0.378919152797894 -0.266054951520241 0.221801955267934 -0.222336994511588 0.0841322322039142 -0.253706808606267
-4.67054805752278 3.09827427813611 5.79196994693196 -0.951869754410305 -0.040991987044843 -0.303749044577715 -0.269771058868642 0.582462046873558 0.766786410720741 0.150897740929881 -0.120467487760615 0.280084590441036 -0.0386910522012497 -0.42066251000059 -0.330632225110941
-4.89675932563577 3.57399456546731 5.96592646012838 -0.818091930295703 -0.548365637433356 -0.173264578358905 -0.514956493282543 0.564388244724392 0.64520194244898 -0.207758964333684 -0.00777384384240955 0.244365413209836 -0.0480006201402146 0.543257153192807 0.143932524340504
-5.76334234476489 3.23140314805186 5.32150686672381 0.923694947930142 -0.160481458298764 0.347898377793554 0.265331499397033 -0.387097098512939 -0.883037317479419 -0.469843003779644 0.218180305572031 0.662564898714126 0.204193749375445 0.114352501017134 -0.190856055490771
-5.49357158992218 3.34224396144039 4.85105750542235 0.616334008921296 -0.519082124326003 0.592187490291285 0.571590734040877 -0.222384411630685 -0.789828512515165 -0.105945981789192 -0.0148859695970308 0.0767854261091243 -0.206299300314496 0.512021606563991 0.0364445006731146
-5.00797948723103 3.44264428451116 4.69263945761855 0.148848698432841 -0.91013936497169 0.386639768987705 0.562998516977857 -0.243438648718405 -0.789791241845284 0.685753442052322 0.181563213780471 0.300879829410343 0.0672944770206203 -0.0702122341682008 -0.391571728178234
-4.57458088736283 3.31416448192541 4.45956080737719 -0.377860895047395 -0.890538877434312 0.253301386015103 0.52975519847759 -0.432329086832569 -0.729692327795719 -0.111030198848619 0.326013094622047 0.102860065903144 -0.117230353132478 0.351502504031839 -0.488347060518988
-4.1741881285889 3.04750113528143 4.31091464798027 -0.753998118680252 -0.656035755538854 -0.0332244066571397 0.531463006008448 -0.579535208743296 -0.617807372931321 -0.0949801873325002 0.102019393279349 -0.306455101226756 -0.557824277821442 0.259678991937789 0.375888511228258
-3.89829258460729 2.59859636237841 4.26136983776843 -0.869980693920992 -0.28736192520719 -0.400695112219887 0.483527884144272 -0.656406258748585 -0.57907805110006 -0.50776801601117 -0.18196064459897 0.00360185038545851 0.0984036042037535 -0.431052685565421 0.102655327604507
-3.72528715799457 2.1179665645086 3.89036312136938 -0.82170943975864 0.372126388969081 -0.431642697610558 0.295904544631754 -0.368717815413459 -0.881185315740678 0.0515878133340948 0.219383424178431 -0.0334176734433074 -0.428250516810092 -0.246764662903075 0.451886263384818
-3.82209678413916 1.81034507064793 3.49166049045209 -0.334820845880985 0.867415385492197 -0.368083518473264 0.278253516989084 -0.282193746678191 -0.918118516127866 0.238102422134912 0.210245061360689 -0.0703567773940056 0.171915956415381 -0.516406946754605 0.483680742797823
-3.91006242732372 1.6635657852459 3.00541689673966 0.0399312734843539 0.986086732896667 -0.161364073057179 -0.0251193657105433 -0.160451147324673 -0.986724075403416 -0.576736784416546 0.795969452833167 -0.0995121012548183 -0.36992261753811 0.348096575359797 -0.32306523132342
-4.14821158066182 1.68950773313376 2.55754543000029 0.563638665357438 0.82595525159579 0.010454416230588 -0.0595108083769734 0.0532276099318191 -0.996807477381407 0.512164992798458 0.354451290585227 0.313702669692381 0.20871887118187 -0.268532361233179 -0.0327900197456523
-4.29200928547343 1.85131097905092 2.06189253221362 0.887898634666775 0.422518603244668 0.181972280597707 0.0874219319784076 0.233383040771894 -0.968447060810832 0.43366995872075 0.124571447392833 0.363410506342798 -0.242814010527098 0.143699446605554 0.0470035556263222
-4.27652372429544 2.22197642118922 1.71509261632401 0.973509899627223 -0.222890685614246 0.0509718819357023 0.113861848654735 0.279272026421672 -0.953437191339011 -0.0959796473680474 -0.308695637388107 0.0458466645962695 0.187982732926958 0.360293694809496 0.280591961922241
-4.11106015833369 2.60730274887654 1.37793458848779 0.618708133651989 -0.783144203748606 -0.0623324713780784 0.109113974796356 0.164233426747142 -0.980367990983838 -0.124686488092184 0.272819648798952 -0.158171606468649 0.471672206925678 0.455769889672164 -0.263930255772416
-3.82713406326141 2.68925554748023 0.909238290144913 0.282959992641618 -0.957221528375037 0.0605015624659582 0.323605790698683 0.035898307094044 -0.945510709975848 0.278185100954521 -0.268113757556578 -0.280628234951226 -0.083263243080684 -0.411046807344388 -0.188973062259159
-3.36784601613245 2.73000889238118 0.665021698373806 -0.460871645939379 -0.864137407040357 -0.202147525591967 0.412238888773366 -0.00673807729904898 -0.911050781321698 0.182007944370252 0.0291574618855607 -0.0824548175279579 -0.0237111243693673 0.329484520941227 0.409033092000771
-3.00579159448145 2.50658341122116 0.339284676250188 -0.847115236144551 -0.387250484584604 -0.363913176960111 0.41637230769946 -0.0581675527737674 -0.90733158360959 0.183631410484362 -0.481189059725375 -0.101683995294066 0.339805107837807 0.0818841279948439 -0.0960746225782781
-2.80054610254876 2.19294907198145 -0.0281555696140714 -0.940633928831514 0.103766914292601 -0.323172085649781 0.296712536078951 -0.210991265686918 -0.931366907590557 0.15027462623867 0.0660753308322757 0.168720572052397 -0.239277147005507 -0.195613795856282 0.0559991689141221
-2.78479410857425 1.86322950360305 -0.400082270860636 -0.807464494039316 0.537263838968368 -0.243615472704041 0.0431003844820423 -0.358133257694952 -0.932675073959117 -0.00366159967226169 0.13283028939851 0.0511795877738596 -0.392692338073175 0.0745740254948641 -0.311534678887311
-3.00919695298256 1.60549201257012 -0.821539772878879 -0.251035626098313 0.938418812131389 -0.2373840121556 -0.000229507508690854 -0.245294736057675 -0.969448474808977 0.170169228130333 0.478478618818649 -0.0408046870104909 -0.348871291221039 -0.27327106089299 0.529314441591915
-3.3646405280182 1.51744566439853 -1.18541755507151 0.225023082862465 0.948556830291551 -0.222720593331558 -0.187109555361819 -0.182260464940006 -0.965282871692348 0.842801988455334 -0.171090881567382 0.101898813698073 0.174156960731765 -0.132429887209729 0.000501819829033681
-3.65252053526751 1.59525125516895 -1.5838725892059 0.800421650572474 0.545161722345768 -0.24924636988841 -0.200077320861707 -0.148984429138692 -0.968386628217758 0.226197800827931 -0.0564758512643074 0.0966491036304095 0.696565524641868 -0.360173961454326 -0.515264632048582
-3.74362486527231 1.83474524289966 -2.07477508623086 0.996942762047285 0.0310210127711592 -0.0717115169519741 -0.068823057440123 -0.0858564054546682 -0.993927600147678 0.365476997943008 -0.535702673674366 0.162212147260436 0.295415712398254 -0.330720555589703 0.387600051239295
-3.6717754198549 2.05050661676823 -2.53249050083497 0.931695608879461 -0.361661968062686 0.0338200102171861 0.0605991755951093 0.062957534107788 -0.996174703503442 0.234770759574234 0.448959126277925 -0.180720855020441 -0.054475432840217 -0.219545643141938 -0.296980514221866
-3.43449117611112 2.21807738477755 -3.04330084743609 0.540333017862448 -0.798520345707329 0.265340180094296 0.275741826606043 -0.129892200933559 -0.952415040672371 0.235918783473069 -0.340141748470667 -0.187229583288487 -0.0593167041172016 -0.0848323295757991 -0.162248077267018
-3.0942371577444 2.23564172559843 -3.38890699405835 -0.131237620918823 -0.988294506944334 0.0777841456277505 0.146621847870179 -0.0969501879077724 -0.98443004651345 -0.248104526753505 0.234760970059979 -0.0788428568757887 0.226720652328709 0.363695988549194 -0.355850828436903
-2.72988972235217 2.04305257142024 -3.80592973567903 -0.634617098240392 -0.763649334074324 0.118745853116437 0.247183462269672 -0.34614777877395 -0.905031479475176 -0.0471162467993772 -0.0556029496747311 -0.0348907868745216 0.11995917078606 -0.460529003258684 -0.0802314890473811
-2.47007592863716 1.72462496158706 -4.06442871901911 -0.939148393637244 -0.339691816239533 -0.0510830983620635 0.195163652344985 -0.405261304976592 -0.893126115288249 -0.587913015905624 0.197482929921955 0.285324936447981 -0.293146297882092 0.255817266347134 0.0364144035657202
-2.38890781799277 1.33446905234386 -4.37785490046022 -0.924331620969705 0.270327729036946 -0.269321131300998 0.162189896295403 -0.360538614621825 -0.91853485551958 -0.117637621105768 0.645856608261279 0.554323458316994 -0.104285963401937 0.104967676214104 0.314196875474517
-2.53081447965222 0.982105836056362 -4.7768728271768 -0.555268626047231 0.818472618701262 -0.147577939093618 0.113773859379846 -0.101023107123577 -0.988357069095585 0.0422228313673949 0.197376989216465 0.509299360249543 0.141479902511148 0.213286986859235 0.0158934432582547
-2.72969192847577 0.837076073237139 -5.25063624964071 -0.110614232842145 0.989936080095217 -0.0882660330262333 -0.0695026630772543 -0.0962984875997659 -0.992922907782784 0.131062715907702 -0.0662883676585881 0.208766239861973 0.109218910543571 0.128703001857694 -0.0823871934987907
-2.96585868971587 0.955919978714029 -5.75558757363292 0.290733974997823 0.939272670698511 0.182319716397682 -0.164161011374433 0.236693113531626 -0.957615527002708 0.310475621795446 -0.40435845337654 -0.159277416407034 0.200347368108203 0.73985325589863 0.283755695276808
-3.28302410103586 1.24427842550288 -6.04138827351369 0.867784615940188 0.49692376534194 -0.00406374348439136 -0.224352333355489 0.384466549068356 -0.895461539336794 -0.487795858234281 0.20884775584434 0.00642631170920971 -0.245994811308444 -0.202120590762065 -0.20427468847852
-3.44883075263368 1.67622679755584 -6.30924775435666 0.968574945226742 -0.100875693675188 -0.227346710035271 -0.138073622998158 0.542206825298953 -0.828822887932416 -0.470188676249025 0.00728027783720665 -0.498246200680767 0.261624156407071 0.172979381217394 0.241031679032662
-3.33495374965334 2.15049783122639 -6.5983723412368 0.601780600683011 -0.644578759421835 -0.471569974048479 -0.110827089370722 0.517341846344249 -0.848572120990733 0.1702929478198 -0.406321140733478 -0.167963097728036 0.194862703176569 0.0873542763876911 0.585189090808686
-3.11939549836804 2.49042802910206 -7.06884107154006 -0.00681302982917754 -0.962208820382029 -0.272227172664598 -0.230293133623144 0.266425621031112 -0.935939300791403 0.244469793428371 -0.0910318622662556 0.67113140984964 -0.357232568383385 -0.301709977342631 0.24260536852167
-3.04430412441103 2.53810450988403 -7.57001736933022 -0.395142430170191 -0.917766845825277 -0.0395773963013234 -0.174330907798133 0.117219060467612 -0.977685165556127 0.000869354852342004 -0.378099524509515 0.248776407661124 0.460751500872356 0.0384143186638937 -0.0129968370864752
-3.05633138898372 2.57212357044255 -8.12313813288993 -0.487509456765918 -0.833820280320466 0.258994463572592 -0.139952307027624 -0.218170342302502 -0.965823457540462 -0.681734833553413 -0.136087039193425 0.225216574914774 0.00217877467164597 -0.242537799501366 0.142753903170172
-2.96434164236378 2.3568081128312 -8.51780523222816 -0.843937605892718 -0.408254460996425 0.34799056612926 -0.215114416331514 -0.336708040994522 -0.916707907797262 0.143547207858541 0.116518985780127 0.167216509926696 0.439676960891939 -0.511372615659961 0.340592587728559
-3.03709391886741 1.93576008145459 -8.7942614923941 -0.963962632995158 0.196957699832974 0.178839603820613 -0.250865104321581 -0.449184014172704 -0.85749654684246 -0.188073539032652 -0.319502616093643 0.0719919221689796 -0.0810762734586755 -0.0575572959728342 0.116909372045033
-3.24905013019499 1.52516570359578 -9.09033673423993 -0.613510289801537 0.78953012188587 -0.0157221324009711 -0.403037672554547 -0.330180339105957 -0.853546419767389 0.116113935034951 0.00730340250660914 0.152671114111044 0.0913536305826276 -0.297945151045655 -0.0795989855058367
-3.69264117039903 1.37133433958154 -9.34109957145191 -0.0966565039263139 0.953110620776701 -0.286770840006702 -0.327243661751285 -0.302533389112148 -0.895201108459731 0.358824525516467 0.00919362810658478 -0.132742956382451 -0.623032507739906 -1.04224321346532 -0.626190546530816
-4.15312846010889 1.35910458651195 -9.57208007171585 0.516459917697464 0.596051510083632 -0.614810273551108 -0.494230133995645 -0.378835135328429 -0.782445219076382 0.114429968646185 0.305006863607309 -0.619769393377545 0.135062703761146 0.374208905463972 0.303968395699583
-3.83619661650206 2.53456533321397 -9.52432590095955 0.0659988292077464 -0.989755121892457 0.126604980557315 0.311024370214526 0.14096611797654 0.939889498831883 0.229424989438763 0.0319209792966536 -0.13841605972727 0.159822805857149 0.0415476674765321 -0.447300281787136
-4.03707463202998 2.4838475820173 -9.09884713283624 0.603094524997585 -0.797380621124523 -0.0214696926796781 0.123921211306079 0.0670705266811839 0.990022724795694 -0.341373637041296 0.0568723829911906 -0.319327597773988 0.366826568558425 0.397625290174579 0.297037309129459
-4.12146986464181 2.28379089598583 -8.59573182856249 0.897747913312043 -0.417845036523616 -0.139477939945486 0.128963785389304 -0.053453167298394 0.990207569960221 -0.209571422903914 0.740330462844787 0.451116446585934 0.510356980569413 0.20176973246428 -0.129710377910075
-4.05262192675199 1.91378553474938 -8.11934132994628 0.88779955396256 0.406755139020648 -0.215318380477929 0.271506072979343 -0.085124486676618 0.958664788213914 -0.0453706103172914 0.308763749400794 0.154905323782862 0.574469451333382 0.335274228288287 0.242797709808694
-3.83712967098195 1.65558082261742 -7.79373913798817 0.687723476348155 0.692652065547863 -0.217414862104811 0.502599966826391 -0.238162189120538 0.831066753339399 0.518129259652717 -0.235078324716119 0.44099799623748 0.31148267391939 -0.113933673035778 -0.686246343214998
-3.41020637719432 1.43398016444009 -7.56380475213425 0.22185362492441 0.974907640489415 -0.0183266972062286 0.605606426001924 -0.123034831628531 0.786195359347864 0.376970800807424 -0.237309544360027 -0.117006288171633 0.0794226876707449 0.161976204764299 0.259033917969998
-2.91814938350887 1.33006990839453 -7.28828188349596 -0.312376776050659 0.94570324427797 0.0898098719628554 0.455361058932965 0.0660952624059345 0.887850019330929 0.381992490563162 0.267690438109105 -0.199231608089905 -0.0667150576077226 -0.0280510307837058 0.134354741466242
-2.51251865804801 1.46368764268273 -7.06927598118911 -0.808975745724441 0.463675101051733 0.361335668860514 0.436954698624577 0.0631299908311606 0.897265349315114 -0.0301051549371469 -0.104142054509868 -0.593397794298795 0.614039675578719 0.0050675557107495 -0.210381974215645
-2.32844378315027 1.72072041789886 -6.62922736248208 -0.952183704628316 -0.165969186850241 0.256515601862188 0.258687119492385 0.00877394552484458 0.965921245560208 -0.117518969335245 0.371488821647666 0.494397368151841 0.0580305931684304 0.0397418725871928 -0.305035785300537
-2.31081211523563 2.00388303144613 -6.17148638805186 -0.661505870507654 -0.730853705752646 0.168115286989354 0.155664096134165 0.0854758991988817 0.984104892622555 0.366632977737106 0.237510289591353 0.0630023828493827 -0.402178793009313 -0.439348177735324 -0.410491659042941
-0.866503738760633 2.57628370829137 -5.97153242460854 0.968013321249599 -0.0113940352617827 0.250639609909652 0.239486783673451 0.339810413719722 -0.909491546716223 0.258452630602259 0.793651444982445 0.369731962514287 0.254447809863814 -0.300232718092042 -0.13295990014824
-0.613055554355955 2.96382024527341 -6.2924345888398 0.658791244814965 -0.752258170672565 0.0100716120553327 0.299835359370735 0.250256075300575 -0.920581614193938 -0.378511387450679 0.32380222019408 0.374518289302091 0.15584262238647 0.284529185916567 0.211330974288705
-0.211715461967813 3.2023537253048 -6.57133627539476 0.0256639269277663 -0.9790355156302 -0.202065652900443 0.314584137216914 0.199772367055457 -0.927969670637702 -0.00063911684880667 -0.347171772409054 0.613333630426717 0.337059640829849 -0.263407688618241 0.325906235191237
0.262576823506764 3.10123180973443 -6.79468402021783 -0.436281274377112 -0.800045746676312 -0.411807489796432 0.52823678774654 0.14277443592071 -0.837007356398255 -0.334277098683682 0.00839964382727084 0.235304327577499 -0.244093087980906 -0.234277779613648 0.0403395897527765
0.639198785704628 2.93409824423485 -7.07973984592168 -0.727153830850444 -0.45399882838302 -0.514909944990356 0.595866037842159 -0.0449769038592395 -0.801823334192307 0.135082484880874 0.214216785297458 0.191776255541553 -0.361792819798841 -0.0911883462387306 0.556878303801941
0.998128392951335 2.67884033766722 -7.41144136745672 -0.867011479012162 0.0378827366736844 -0.49684589437063 0.489811005549586 -0.118345895090078 -0.863758822904366 -0.24782131475662 0.137070506215768 0.00903514834283285 0.202517835401086 -0.0709703782034794 -0.0381218376182187
1.06169137114685 2.38454266663413 -7.86872677046934 -0.645248670002704 0.678642248693588 -0.35085433600895 0.383361074178626 -0.109622848107149 -0.917069804782162 0.571489696378794 0.140780653870703 0.40380527070056 -0.139025635662245 0.0924751732948151 0.178328967181965
0.982921532838312 2.23843543037745 -8.32175262801422 -0.0954075983068203 0.980070397608873 -0.174239134285762 0.297322610140536 -0.138990539303904 -0.94460615407409 -0.438519039518807 0.0985076954285915 0.269681502514353 -0.297291971700883 -0.183545101683145 -0.218879292915444
0.939572297156354 2.24389451248883 -8.87679188484272 0.282017361562498 0.94886216647976 0.141868800280343 0.285197589885798 0.0582746092636518 -0.956695529189978 0.489205488655976 0.16526861812919 -0.0696464711733936 -0.353773567845087 -0.129312870162238 0.220953314572592
0.821119693138809 2.50589025590927 -9.36656559085027 0.816708293181319 0.500084704147029 0.287928012482517 0.26711360091812 0.114662789797187 -0.956819031078223 -0.185062681153133 0.588118416028891 0.105012220500395 -0.152338614628131 -0.242146705941318 0.318881286316375
0.847373888562412 2.84739791506807 -9.73006663713531 0.935077190857832 -0.339652941769566 0.101323141378448 0.178039100315896 0.202909163117709 -0.962875824788557 -0.358430578740903 0.223502713071278 0.111091211813128 -0.0761852492683598 -0.140866292070512 0.308983445785865
0.233893490809649 3.05145065152944 -2.95558977411146 -0.713816063133911 -0.698296084821503 -0.0533773027962123 0.0582107780707986 0.0167943858084683 -0.998162987120622 -0.0905378718919671 0.0631932655951504 0.145029071370962 0.0435558280444826 -0.0128591208698005 -0.209497802669172
0.377259869861632 2.78022760442041 -3.38352242797825 -0.992941667085558 -0.117814880408823 0.0136517237844078 -0.00687728686090466 -0.0577168423485757 -0.998309271325579 -0.621877883880028 -0.196937336780641 0.342977576107999 -0.553253530590652 -0.148249111932672 0.0237395725291987
0.237188757632353 2.4984795413337 -3.84020265545959 -0.881076682624371 0.456905924379128 0.122232545840211 -0.169998460907828 -0.0647588116847202 -0.983314165706558 -0.392569890045179 -0.550224172711975 -0.186577320110404 0.151237811873017 -0.225238074131688 0.0694664403247927
0.0588000588928708 2.23925877827623 -4.24285062186335 -0.647631470083295 0.742237020257074 0.17221380805752 -0.376540926206561 -0.1152742558062 -0.919200021981473 0.832564733328895 -0.145518189932226 0.364807530908918 -0.276061437882359 -0.210270668813623 0.431357665974666
-0.355923743613431 2.09967352334624 -4.56385716409085 -0.012209771910584 0.999736127592852 -0.0194559906211001 -0.379001890406326 -0.0226326069650231 -0.925119053686054 -0.763220724421974 0.444014040920173 -0.170400545080328 -0.655751398324578 0.164170311414979 0.137812265950516
-0.817299910712265 2.21064810862718 -4.91620069530252 0.673630784083456 0.730481023538266 -0.112334187139955 -0.21975235935742 0.0528482228713772 -0.974123154884568 -0.155501317175575 0.301121694582311 0.556873681392166 0.0536947750764447 0.0476413346871874 0.0296169070479946
-0.920928274729818 2.40354434716099 -5.39136154634168 0.9839500703639 0.175820893242773 -0.0304831190158522 -0.0428995805742684 0.0672563888898211 -0.99681299213886 0.150883198755289 0.222475778817233 0.417824453828578 -0.237387673219415 -0.0583002410727302 -0.560127748003037
-2.45811120084738 2.06271288055818 -5.62223643582142 -0.486823322179717 -0.870334444851912 -0.0743026931120754 -0.153872375663053 0.00171311085272801 0.988089218382396 0.000485586097316712 0.157452493638201 0.427271440504058 -0.138642387703592 -0.00183190559063323 -0.03086442985777
-2.86185214335892 2.02611242061226 -5.26001844611396 0.0353978613730347 -0.992707831789844 -0.115230249078114 -0.278022185798178 -0.120532724613629 0.952982425377107 -0.503772438521283 -0.324729291740467 -0.0845726046898322 -0.734625440717515 -0.0967820697149959 -0.225523485900997
-3.27201195554397 1.86707238811802 -4.98577993091686 0.6307011940624 -0.755584176968993 0.176941375448845 -0.215103002405023 0.0488592662609739 0.975368337950016 -0.150079021916713 0.203112859934583 -0.0331632785096742 -0.46295179529951 0.250888431607763 0.29400942860062
-3.53865448385775 1.54666265647645 -4.67909297920204 0.961822203465292 -0.178166686042974 0.207736854343069 -0.195818532380743 0.0822523862777821 0.977184516276463 0.194115973566529 0.00620552754008213 -0.211432814321807 -0.1488504627343 -0.367580536960655 -0.0105202611875656
-3.61412030499822 1.30564775485214 -4.17292149857711 0.96781013064038 0.242422741597624 0.0676365334482118 -0.0720547846287321 0.00939531764738939 0.997356355304934 0.591109681876671 -0.429126409982327 0.329353589945531 -0.185121159852427 0.33616463637922 -0.403681183867543
-3.48717396732253 1.14214668975696 -3.70059994127509 0.689903900547019 0.71828162355217 -0.0900223518875971 0.115282746718289 0.0137544238384625 0.993237446424269 -0.347117818421593 0.0344243707907008 -0.217289779213263 0.193179637111492 -1.04730390538411 0.502567101985652
-3.13664043248032 1.07643725392291 -3.24070470586554 0.0716141631088767 0.989969757228836 -0.121783493602312 0.0226638294654785 0.120450414170498 0.992460562068142 0.321048798777533 -0.225310110358038 -0.32091410265444 0.0831542216698344 -0.251721008210681 -0.408127321505675
-2.88684191176948 1.16071339297581 -2.7379129851245 -0.477725912508689 0.855314501168755 -0.200536252014649 -0.0626527874574423 0.194517083817419 0.978896101671622 0.287981019661636 -0.0961329939369266 0.427402495103778 -0.0661400810810374 -0.054047300373625 0.144002351642512
-2.36204802568312 0.0690894044028667 -3.22318213322468 0.25708620865408 -0.795844283544069 0.548213904697545 -0.896439499569976 -0.408288693136082 -0.172326867235479 0.311589677163787 -0.455128841769574 -0.302986846173672 -0.0116410503744663 -0.120740713425855 -0.357923721896327
-2.6940537049974 -0.223510526344935 -3.48662640471952 0.134045644401789 -0.44089080119906 0.887494774537512 -0.820937634214993 -0.551032100472344 -0.149749469578099 0.784757570968652 0.494378010137826 0.332122500545578 -0.475487915846417 0.189879900077545 0.441331946668733
-2.85959817442696 -0.713397416668259 -3.56654843840599 -0.280704048538162 0.169056196823771 0.944788407679104 -0.789691891536766 -0.600165358593254 -0.127232737370511 0.110314219164358 0.101068502481917 0.283114772571512 -0.0993623658333814 -0.109339461252268 -0.105574989767308
-3.18980743780249 -1.12544391240904 -3.53849083110777 -0.26151598536675 0.556243696513645 0.788797871312318 -0.848763154899796 -0.521655922560082 0.0864641775882912 0.210963095548002 -0.18785616093747 0.332631748905784 0.561921531438201 0.0648886302830917 -0.0480366811062784
-3.49962426938062 -1.48039896783651 -3.26466939379317 -0.41679352025182 0.874392085476067 0.248438253724513 -0.891408356039102 -0.446676100961652 0.0766259872339113 0.680337343751298 -0.241791053428546 -0.348442295222452 0.0818089232433329 0.372495826304549 0.132366183432653
-3.78751840576 -1.66339069277065 -2.89157479974949 -0.513014731490977 0.758215338875505 -0.402399489287154 -0.858370441708662 -0.450960796935187 0.244610897517583 -0.835055590443432 -0.81508640348669 -0.185215920685872 0.170005703628948 0.53871085096565 0.170320992773264
-4.23168590991649 -1.79800330233494 -2.5125206936455 -0.295081958382926 0.499949161570901 -0.814234195693812 -0.950557778739078 -0.23992497580329 0.197169499211205 0.0144815880293932 0.303220048775925 0.126975988283971 -0.289217185687599 -0.153234747514627 0.115053736805567
-4.68041622454069 -1.63284535928267 -2.34850737299062 -0.194090429589087 0.0270068838198144 -0.980611668209781 -0.945782877453792 -0.270528970072149 0.179746233908409 0.000302012389777034 0.302223210724734 -0.126388643631018 0.502847952218305 -0.12647650765969 0.305264570807606
-4.70695396290098 -1.08049939727523 -1.34586463252521 -0.0324187448189042 -0.429311287617163 0.902574524997185 0.764874358445676 0.570637583310852 0.298897657322472 0.610994045323292 0.187552529210917 -0.225094460377101 -0.238313586904665 -0.292703634483822 0.572980532884937
-4.34179952046046 -0.721773229064866 -1.10523984452715 -0.0812414667553856 -0.659675130888495 0.747146868398236 0.722555848314301 0.477359706885514 0.500040634800783 0.46611953061999 -0.26929571344444 -0.390046212137551 0.647357682443493 0.194627181366503 -0.321175922297531
-4.23096198798785 -0.423079978971789 -0.688501386397689 0.432380945488555 -0.888678061301402 0.1526365663469 0.776912317705111 0.453088926920826 0.437169976118684 0.0153565222680444 0.314667807808217 0.633603067289177 -0.429403776338086 0.079386941206856 -0.338911090841338
-3.94708686328882 -0.396530764830039 -0.249160578862202 0.497295563208176 -0.783107605767247 -0.373416030847862 0.798209469213217 0.244338359285347 0.550599948284925 -0.424411256720051 -0.393233966867365 0.219531184601284 -0.309160402379251 -0.0384840109831814 0.0504692233959656
-3.53027776343124 -0.442517788403617 0.215953850392069 0.481207492124955 -0.517816139299857 -0.707322875710727 0.873632214786225 0.216872842075399 0.435583366059243 0.274762103276558 0.188594212236221 -0.223667330237107 -0.00754142031647792 -0.00849008097820202 -0.143738916389036
-3.07386124359854 -0.695363578375192 0.463391953126063 0.297544420955541 0.164706230369829 -0.940393046625804 0.89986630700875 0.28065399861592 0.333877039297025 -0.472361428513204 -0.145618010297327 0.00916788555330697 -0.37259656981343 0.182973810574838 -0.399507319565268
-2.54045033468699 -0.71806468991092 0.477815471834191 -0.181005758897405 0.53980908551397 -0.82209668148561 0.969657498571635 0.237616013246788 -0.0574705031642628 -0.231650561090123 0.728721540902881 0.331396800062504 0.141394276649114 -0.388508680129293 0.306058603543374
-2.1778892510455 -0.867896159297897 0.149376679500122 -0.124720468830648 0.991771398682036 -0.0288819744449179 0.983414379140272 0.119701328589715 -0.136263098386046 -0.282906675326762 0.23363335984138 -0.117554966043167 -0.232860413006376 0.579715900302364 0.452537310401965
-1.74629436358352 -0.789128247973086 -0.208779228192284 -0.211404955627026 0.817845421376396 0.535197790477403 0.964457244679953 0.263363620866404 -0.0214867984709471 1.04160207603822 -0.416577875287835 0.144766864139526 0.138172505489108 -0.201784110783804 -0.250462397585156
-1.38725776838129 -0.44770117306337 -0.410433202193389 -0.140466727635331 0.326344136660815 0.934755839780558 0.893153586304881 0.449183199476832 -0.0226047721695345 -0.164088073728108 -0.209959538985251 0.127170894039493 0.169340777619375 -0.365362503130523 -0.546789117735535
-1.1227356158462 0.00451147550731578 -0.468731939139204 0.0198873271950584 -0.0691885410586039 0.9974053004867 0.874942270320673 0.4839585046433 0.0161259598455517 -0.27534387095963 -0.271728940614177 -0.305960847738446 -0.246179166611592 0.113059520501027 -0.168771581456253
-0.863460936405417 0.431360485267286 -0.335915671565189 0.212476631395571 -0.565112569118495 0.797183274336027 0.80145194897727 0.567513309413378 0.188688206141846 0.385993554643409 0.466531164766177 0.321743852462929 -0.0302274659420914 -0.14131529546233 0.0194012007543183
-0.642443879870925 0.725907307266438 0.0381414703652041 0.501442226163321 -0.849400327783112 0.164543877881661 0.770170833331381 0.524874984369262 0.36241291489316 -0.0552926385829767 -0.141058983068203 0.269572227550405 -0.0198267122798403 0.0139043044135319 0.495091096680892
-0.498408543113314 1.8967900830902 -0.612042719195983 0.181303891574494 0.980098329594984 0.0808459877551248 -0.155839069589776 0.109802818424624 -0.981660584375177 -0.656664171734318 0.121225918127561 -0.245291194730898 -0.409841242627521 0.742876477433452 -0.0332198386242124
-0.880070696693181 2.10898832761313 -1.0019866286066 0.743825629157354 0.667724874479941 0.029438624121224 -0.179720084813692 0.242237481932963 -0.953426215477081 0.177965301361921 0.312517321921876 0.138783864227868 0.307566846242277 -0.033439932813605 0.0263096550638733
-0.977429881028215 2.3988745494732 -1.49057372208095 0.983694282514689 0.147866539765065 0.102376221860833 0.0435916166871266 0.356233632511093 -0.933379503577021 -0.0848679914017228 -0.171426439937538 -0.246889537790026 0.445106730215711 0.477533832812583 -0.130841555028511
-0.893609478252912 2.81462760170419 -1.79810005383781 0.904731512095136 -0.422951458480026 0.0507229292666888 0.211337360784128 0.342274519362801 -0.915524210133834 -0.20298448881716 -0.238702777353822 -0.38771376388823 0.298205652261601 -0.106227888871572 0.252871271507618
-0.542328619576196 3.17425324084997 -2.08007641408199 0.319417790235276 -0.923708631296112 -0.211505470890572 0.183035273184421 0.279135121896013 -0.942646074238653 -0.123753524014868 -0.0672339471604486 0.19271360681409 0.579192103487355 -0.187730822197017 -0.000537002047993562
-0.0809498459956188 3.16967003380061 -2.43088749759033 -0.463255287128105 -0.845829563721477 -0.264512394500685 0.240450950846706 0.167313535674931 -0.95613253901884 -0.332017867043537 0.0969695769594502 -0.223290991559196 0.478097951600895 0.120597908911465 -0.275037190672156
-3.91115221282319 2.15287649683561 -0.523925750392593 0.871187152900946 0.156542481755558 0.465324944118782 -0.428566075458599 -0.219894861104171 0.876343121237431 0.17455745231867 0.0788493949506526 0.0351043360301395 -0.0434289387841367 -0.291046584735036 -0.0897265631178698
-3.96967042997354 1.91037331777836 0.00845181728578837 0.850547626184457 0.443622816248556 0.282431151295763 -0.214514794992462 -0.197673777061909 0.956508420059737 0.0857060966798716 -0.190326771146386 0.0105338490363469 -1.02534146775191 0.517514099954493 -0.0409755331729411
-3.82094959482843 1.63835670868274 0.463077974089884 0.240134977725825 0.951487564632123 0.192370803281335 -0.142592507323006 -0.161445733957932 0.976525751645764 -0.17620522261645 -0.618497308303106 0.133716641339184 0.157879090518615 0.27223246704265 0.147766566546878
-3.59775611961493 1.56617145071701 0.944456359177209 -0.150073266106172 0.98864391454527 0.00781561814426153 0.0497870355242273 -0.000338057030876197 0.998759751666569 0.273224895788455 -0.601358751764257 0.361571959335597 0.199079968220979 -0.0155123237797707 -0.557371677495424
-3.27864350604996 1.70542316146087 1.3120176989711 -0.705465579909646 0.708372207788202 -0.0229583556207021 0.0757611862992486 0.10757857719136 0.991305704656607 0.418079859603458 0.0112782951277966 -0.050950055347139 -0.28464874851724 0.116466078048213 0.0067596724399155
-3.09299035634731 1.91323551813042 1.82162187487579 -0.969049146509683 0.217211344522138 -0.117315381512091 -0.0734124035204941 0.200163918540068 0.977008128191547 -0.30764888756521 0.157913277480206 0.65850580748034 0.234402553037132 0.0434911090263761 0.0678236042333114
-3.16426893954605 2.2616066320899 2.16338632328683 -0.939293771205619 -0.342990349214132 -0.00920509051195613 -0.0866277245918749 0.211104027237006 0.973617281263346 -0.310654937616147 -0.25484521039014 0.157941487448816 0.344305399249728 0.0970964671198295 0.162743407292241
-1.87590499912669 2.94559395048631 2.42767049704716 0.892986013734376 -0.227353418589018 0.388440848631152 0.318286231317589 -0.29121737999828 -0.902156400636697 -0.201193614769776 0.0859552719776787 0.101546662404786 -0.598543499385324 -0.381926872870424 0.713823659194799
-1.56442351320234 3.17025510569712 2.05846758163028 0.64903654321883 -0.692258559692937 0.31548312166533 0.279371487711851 -0.16883777997559 -0.945222363886715 -0.236054379999184 -0.421817416149109 -0.361191036372982 0.287744795335389 -0.0221632051441284 0.113024861159375
-1.11808527254864 3.24263120229014 1.74483742469624 0.0718339275030556 -0.993503013696095 0.0882700546451723 0.484859965879508 -0.0425559050240718 -0.873555819347061 0.282382176433563 -0.123668898358829 0.333851579721836 -0.285173649228194 0.0641926597962602 -0.0375131827744584
-0.660882050462475 3.15685643858781 1.39992844912399 -0.42556549165427 -0.900596314024144 0.0884319693279586 0.378484872940052 -0.265905024754027 -0.886591023499591 -0.243630539269282 0.105765788554677 0.311390976518876 0.251353302922172 0.623023053836841 0.152766660111407
-0.289166308280153 2.87847527281701 1.14306320248561 -0.857558312875436 -0.49022528730113 -0.155797444597083 0.33213527376299 -0.296430895091608 -0.895441130680074 -0.332225177920946 0.0288743471754112 -0.249723282408463 0.240868185984441 -0.232930027953184 0.156504648579873
-0.122622070400885 2.51052285209249 0.832688086699235 -0.932368784580695 0.129057984498333 -0.337686857509372 0.309556403113002 -0.197439424415423 -0.930157196007479 -0.0179636545185802 -0.368963989428613 -0.200378636990748 0.449673233484267 0.278567260715115 -0.795265062183678
-0.0783877360684453 2.19913329772922 0.331731609819002 -0.773868754524656 0.588738996730908 -0.233480723916738 0.188847815887499 -0.137380613533741 -0.97234921734406 -0.293195801176413 -0.164642277548735 0.382676909168912 -0.121028786121581 0.0446325924631922 -0.309127566774436
-0.220737798646653 1.994245584556 -0.139561961740483 -0.235602949336163 0.967901215748958 -0.0875119882576742 0.212978437937796 -0.0364359065029978 -0.97637725103114 0.233934013553492 0.0801377284026882 -0.116612003832654 -0.359190693301481 -0.284391756471835 -0.288040710114808
-0.167981448972037 0.740582861515007 0.418367314749233 0.239560723814212 -0.895001065452948 -0.376275774599823 0.965954299289476 0.180721652939932 0.185126520695974 0.1474795499467 -0.342778070828796 0.779083810668952 -0.81089388952897 -0.0549291502374292 -0.186678644999504
0.321646221732746 0.614981790875535 0.636858201529108 0.121976798197981 -0.445612002613565 -0.886877293722184 0.990063166656373 0.117623831774075 0.0770682704820992 -0.292476466524229 0.0858037179786367 0.0297686376963451 -0.141385095150335 -0.172686041374862 -0.167219890712201
0.908493129758248 0.408256761523051 0.672937020783081 -0.124956577596069 -0.0520948500982348 -0.990793568465584 0.978414371665717 0.159194985849241 -0.131765642730818 -0.30120853185911 0.225598197008447 -0.203152661907656 -0.490075318611617 -0.00577546531614303 0.313897825125941
1.29221119828205 0.0537589186736106 0.558958576297584 -0.0640083861581748 0.547655763021183 -0.834251734182009 0.989174618525941 -0.0757957676870817 -0.125652074742388 -0.0773433376893846 0.0265814855463502 -0.104419340593523 -0.387214009712649 -0.0498158753015599 -0.0247463637336372
1.71879056533236 -0.135851224943832 0.309588493667633 -0.13702512740385 0.901526644788304 -0.410455520796343 0.931266722906955 -0.0239743549871248 -0.363548424986993 0.141892658665403 -0.404853295703052 0.0911503002493508 0.319680907239121 -0.398148693846714 0.230056615368365
1.98943652526693 -0.192561148085932 -0.186793210654997 0.128686119619679 0.951665764241006 0.278876400234882 0.963738290493523 -0.0537221030979834 -0.261385541802128 -0.268970804346976 -0.537995403959267 0.312871259583327 -0.0828412199842085 -0.744250152428004 -0.412112708324304
2.40435070819876 0.000589628498556393 -0.560123751410742 0.0424844874851739 0.674996218233381 0.736596939334253 0.990889884957642 0.0658385233421191 -0.117483814033574 0.373466712091938 -0.411206041689765 -0.440228597448097 0.0407696962913589 -0.142405837701618 0.0550251777018088
2.83041465912907 0.298935449421522 -0.72179521142715 0.0229434960598252 -0.0926745800837196 0.995432011810823 0.997783212759956 -0.0600920960407661 -0.028592265836413 -0.0527414731865375 0.447052065409679 -0.174242454325478 -0.00760705556377017 -0.660535190014697 0.0678061416079035
2.76750362646058 0.757196967784981 -1.930883856037 0.167277248319781 -0.398684635359031 -0.901703288683458 -0.9653796620394 -0.251907442153742 -0.0677101090070422 -0.644672288843312 0.158793346783397 -0.208530182155965 -0.541481212149286 -0.174806811075749 -0.341339260351131
2.3112955629418 0.819802935754474 -2.2037325847006 0.282084328614358 -0.878620597914828 -0.385297307740218 -0.953515814716702 -0.301126651018009 -0.0114087578533011 -0.247360416312145 0.038516476400875 -0.0839493321031109 -0.313001736108904 0.0298908651786272 -0.229555375210093
1.92632305108746 0.745865175942346 -2.51439506158361 0.293472834933693 -0.952153814439296 0.0853035679516728 -0.900117225693426 -0.305278339960766 -0.310795849289032 0.01157881374951 -0.0329963010146487 0.678658195441024 0.102809149334585 -0.171033169740392 -0.290481716024953
1.66300300748653 0.512032332563718 -2.94136015280931 0.0686552621350268 -0.803737389098321 0.591009826506489 -0.934561125977574 -0.259122116893462 -0.243826048287225 -0.389624830324002 0.25956351169228 -0.0724994345960931 0.10137844246493 0.127430696709617 -0.198766731962942
1.38353728004572 0.158515717481512 -3.22669985938998 -0.108160854339982 -0.428216381068504 0.897179926254677 -0.857035653155762 -0.41716405367707 -0.302430074256657 -0.138435376993268 -0.106394236730087 -0.327210523799636 -0.442792017395096 -0.182115484660477 -0.149467313756056
0.965007524020866 -0.191879650175874 -3.33081541167435 -0.086318324828171 0.249399557584454 0.964545952101819 -0.991647931406601 -0.114634867105285 -0.0591029491503523 -0.0886846284172644 0.394048501885995 -0.822483617364052 0.550101248480414 0.195720670749924 -0.580634334373547
0.583746059583437 -0.500607147910028 -3.16913922843109 -0.0509993235906695 0.763949259589369 0.643257763655548 -0.998515208455051 -0.0513485407545717 -0.0181823197238172 -0.277184297714282 -0.255414173786735 0.180674257684992 0.00501250361276064 0.0378538341868566 0.571651045729085
0.145307091182815 -0.631656890161411 -2.92396853980536 0.0391635173452024 0.987132723386106 0.155032469795113 -0.99351431220243 0.0218928238611475 0.111579142397503 -0.301376358712685 -0.176196846353967 -0.121004510940114 -0.103094045976493 -0.0700227122293968 -0.210833798905898
-0.214162293544039 -0.568705454412213 -2.54936688941416 -0.00767914010015803 0.879914343904236 -0.475070139638963 -0.991924314312454 0.0534437375254183 0.115020991107425 0.221338351258991 -0.00705481710989813 -0.581402672341869 0.0520395705859563 -0.248801880029614 0.495647912593517
-0.659924935116736 -0.271701946471453 -2.26363423567854 0.061238517569173 0.388398408957589 -0.919454394039733 -0.991016820235155 0.133387836627507 -0.00965873048141547 0.142931945639198 -0.167135750520258 0.685448489801263 -0.171086712500983 0.247188659960866 -0.410366387604606
-1.06675933665584 0.0466457197318321 -2.26689540294987 0.082335832534256 -0.235936986751075 -0.968273871638779 -0.996301326605481 0.00448001635214683 -0.0858106807856907 -0.095350147444035 0.456461167697681 -0.199623629388377 0.29337347387141 -0.463078722956847 -0.0821453741578614
-1.47531904665896 0.284988272532395 -2.4687064847881 0.142577012969347 -0.719361742413398 -0.679845870660242 -0.976030834620094 0.0119199145136333 -0.217305535851889 0.136943654391166 0.0134113047362808 0.141398512790355 0.14063990217165 -0.0309551973328128 -0.133946959519562
-1.85840627879116 0.2728681401451 -2.81011837951924 0.11061633585013 -0.992870655219384 0.0444048263120888 -0.978694243805562 -0.116595484371279 -0.169006047455006 0.0929081421204248 0.540254630093499 -0.630621717724753 0.0575934882393072 0.0878772396844433 -0.318052039915252
-2.65717251182295 1.43004612908417 -2.38064359497389 -0.862692090707084 0.493637223997638 -0.109929839748349 0.0755080245887855 0.340657048226768 0.937150613151645 -0.189923923764284 -0.085614427442774 0.329037984631107 0.0234139241895419 0.387376357985036 -0.147298282619862
-2.57280691807832 1.87311184380363 -2.08039551376959 -0.994558191181784 -0.104140345863878 -0.00295612060089838 -0.0563060800230801 0.513426365420995 0.856284346984045 -0.180339862394698 0.123003661092282 0.410100959174945 0.178024581144964 0.0708734940761847 0.0609222139137585
-2.67258016518125 2.36191155025614 -1.80661660707854 -0.781600566108172 -0.605568429348447 0.149623449261014 -0.172976513171047 0.440872508479615 0.880744247068731 0.311036536479626 0.143083041693095 -0.222610069575909 0.0353080884226818 -0.246815267846684 -0.0688512361451106
-3.06720139895136 2.65708946378399 -1.42892045966963 -0.235736478394562 -0.946715358003133 0.219449979323466 -0.332210951350173 0.290714108395957 0.897285423870058 -0.151844410845363 -0.0726875897648809 -0.321189008953872 -0.251418482766216 0.0484099245309583 -0.168430486753775
-3.36605703121356 2.81437454218983 -0.991774068087125 0.315342664748892 -0.948099875616147 0.0408103180770552 -0.188086103961723 -0.0202912858724542 0.98194288869531 -0.0995493900123917 -0.322090146800336 0.015834788976168 -0.0666715460767761 -0.0976659265804996 0.19807449236963
-3.76733435781405 2.52411915294207 -0.808215478685014 0.757115231691265 -0.559863023554805 0.336645017968301 -0.283447699249971 0.182757524237093 0.941412242815589 -0.481214978540981 -0.240768997899452 0.0105899817398609 0.306086111839709 0.20286642318756 -0.154881699716147
