t = 206000000
b = 20 20 20
E = -0.048930045580217 -0.048930045580217 0
4623.84002337333 -719.788680750059 -2792.0610046661 -0.351171503175559 -0.495216556757868 0.79463147263558 -0.825620368962238 0.564068422235707 -0.0133374450586682 0 0 0 0 0 0
4623.27098835381 -719.871867821123 -2792.07726855674 0.126592446106396 0.0185871578098655 0.991780702628765 -0.891575952807905 0.440399589514472 0.105548536635439 0 0 0 0 0 0
4622.74272908901 -719.808736612527 -2791.89912247696 0.466486219947884 0.322464858396377 0.8236547117256 -0.789124167830065 0.572386926569046 0.222837176562931 0 0 0 0 0 0
4622.39017394387 -719.782533031198 -2791.64918866924 0.531401934468035 0.75135308986277 0.391255265546551 -0.843953031509745 0.429665645157719 0.321139826170143 0 0 0 0 0 0
4622.13988339866 -719.700019196002 -2791.24878279768 0.297796102398105 0.918641041037494 -0.259646495781738 -0.9441800273805 0.3235656356693 0.0618824595959836 0 0 0 0 0 0
4621.85731285602 -719.438846784651 -2790.94757286627 0.204833154941274 0.732086365251931 -0.64968694690706 -0.799827633032186 0.507795947460106 0.320029948844953 0 0 0 0 0 0
4621.74342332165 -719.132457408405 -2790.56643216022 -0.353796975856105 0.303271625198237 -0.884790502980141 -0.801445309687593 0.389391316721905 0.453938248417285 0 0 0 0 0 0
4621.38128797988 -718.768158824121 -2790.44479602873 -0.522228399726575 -0.496936859101601 -0.693059421540853 -0.835686778697071 0.460214262958928 0.299717355338716 0 0 0 0 0 0
-298.694132258029 1981.31559264225 -7311.56358067888 0.468759913554661 0.746232681542277 0.472653250181448 0.881354634726528 -0.359398364960854 -0.306670729591397 0 0 0 0 0 0
-298.306218503237 1981.40800538398 -7311.74324507045 0.177798657795608 -0.124416350537896 0.976170180143965 0.883444092174041 -0.416793823472006 -0.214031470550473 0 0 0 0 0 0
-297.814098057799 1981.45135565138 -7311.70296647758 -0.219475080051995 -0.739274949627429 0.636634360540851 0.906761184057098 -0.395370438874919 -0.146514204593246 0 0 0 0 0 0
-297.392162284306 1981.43692798271 -7311.44159389958 -0.394198429685493 -0.900361748982226 0.184272667730669 0.919016010310794 -0.385284104057493 0.0834609859106301 0 0 0 0 0 0
-296.977211888532 1981.13894782132 -7311.17296058667 -0.573330231503046 -0.75230122451943 -0.324554109294807 0.763275168765724 -0.634411948868751 0.122198894049867 0 0 0 0 0 0
-296.74117890132 1980.67411912343 -7310.94000411705 -0.452467312402723 -0.425999966971861 -0.783452217498639 0.732084028474254 -0.679107274353263 -0.0535379375367092 0 0 0 0 0 0
-296.64423748139 1980.16923200159 -7310.86555215191 -0.021395963627759 0.00295570615422625 -0.999766769192686 0.802963137657112 -0.595727634879371 -0.0189453922613744 0 0 0 0 0 0
-296.403097161647 1979.75192943939 -7310.83495319861 0.20294176347287 0.548644417613756 -0.811051250961676 0.793891910041914 -0.577049101915658 -0.191702956266307 0 0 0 0 0 0
3037.07887011064 1279.87898985726 -603.158252409091 -0.989757915902096 -0.0841952374066365 0.115284463567623 0.118895716578318 -0.933149232663938 0.339258644159277 0 0 0 0 0 0
-927.609933717881 -248.979945030651 221.541987204925 0.736446694652127 -0.542542826378944 -0.404095929515025 -0.544263785989251 -0.829938834557141 0.122386909851013 0 0 0 0 0 0
-1454.82355049077 -1116.99038183353 -1790.05643235516 -0.756984414148098 -0.266535522338085 -0.596601640434967 0.259365028821759 0.71546097256668 -0.648726128778275 0 0 0 0 0 0
1379.12387270744 -1027.85123020371 -1881.85699117492 -0.213859522901376 -0.827182360036077 0.519647553459646 0.354818245064586 -0.561399585012207 -0.747619302208846 0 0 0 0 0 0
1868.29264090973 804.121202970618 93.7197023724439 -0.749014382364464 -0.38079318848175 0.542193838194592 0.427915704070216 0.34673511711596 0.834663444677145 0 0 0 0 0 0
965.469006139346 -1924.22888677216 1256.10286377389 0.101974190021084 0.0568197447860821 0.993163116108218 -0.679551717427917 -0.725142032680484 0.111259752965081 0 0 0 0 0 0
618.690692353744 316.562203122228 -2560.28416339149 0.533220137385634 0.131791687558095 -0.835647894175844 0.776384479393674 0.316102856340269 0.545257908331429 0 0 0 0 0 0
1046.40044088015 -876.248471185754 -177.896836121628 0.372598770600707 0.414233163829425 -0.830410344324157 0.920400083833296 -0.0507241312332253 0.387673733498246 0 0 0 0 0 0
-1108.79233330578 105.715882919918 2309.8059719006 0.193980387132446 -0.567545223791312 0.800165116322238 -0.971369556703758 0.00292005892107659 0.237555806382927 0 0 0 0 0 0
-2397.93972181657 1588.48753867883 1172.5690330062 -0.848990221971659 0.32828768263598 -0.414056741454722 0.517147680239021 0.677126468991911 -0.52350571571498 0 0 0 0 0 0
1486.56950625971 -957.259125447861 -1005.9519840275 0.698052097475814 0.646667897135113 -0.307480206372652 0.165334010752857 0.272247685673546 0.947916650092039 0 0 0 0 0 0
-805.779830526499 611.63332515501 -702.495635918423 -0.417797740505393 0.882041480449083 0.217825571051436 0.383661539166433 0.388611070511723 -0.837726348590693 0 0 0 0 0 0
-2416.0179889609 1112.71015901485 -3999.2830241791 0.514402415985052 -0.604313659507043 -0.608436655476012 0.313153818630675 0.792882645415126 -0.522754058027931 0 0 0 0 0 0
199.381949800408 624.803057944177 -1079.47932386092 -0.304246038046722 0.650023498789617 -0.696350388424227 0.235716854762944 -0.65689908266315 -0.716185152945371 0 0 0 0 0 0
1146.40479575855 771.170958409973 3025.60363089329 0.298965783720378 -0.401636984833126 0.865625325896895 0.724095828405143 0.686304245649463 0.068349800210867 0 0 0 0 0 0
-2308.47502704002 295.427735616548 -310.334457133323 -0.140462420655525 -0.975434957437194 0.169697399360188 -0.858234775889953 0.034495560733806 -0.51209696433667 0 0 0 0 0 0
-3134.2235606152 913.107357660666 -2375.31243967246 -0.808974669850187 0.576749830759248 -0.113664712467369 -0.279437091731139 -0.547412101176335 -0.788831378761927 0 0 0 0 0 0
-938.839992866448 2934.2529061713 1610.91488475176 0.258056475225998 -0.305090855300039 0.91669323909346 -0.803141149151525 -0.595129545996655 0.0280215453242715 0 0 0 0 0 0
-1514.11514604781 1949.75322702754 -380.55752854892 0.403465791286297 -0.80449349493234 0.43589637383106 0.60210599774875 -0.125279483171982 -0.78852616289009 0 0 0 0 0 0
-1388.70618392067 2088.18851319991 -185.132545114581 0.636858896275483 -0.619541837457713 0.458888658911291 0.765980832856309 0.576120243665303 -0.28523492415435 0 0 0 0 0 0
386.962149846158 405.708619683257 22.5220674625765 -0.702260020389093 0.527215957109728 -0.478408043648778 0.227976291391024 0.803147486065843 0.550437064780516 0 0 0 0 0 0
-1170.1624111788 -88.3976751192983 326.459210860661 0.0184320757848784 -0.998973519746224 -0.0413789758458422 -0.779003198617697 -0.0402918354543471 0.62572411601279 0 0 0 0 0 0
-353.093021980682 -178.359238680027 666.04697512927 0.403564620881993 -0.0699570910554777 -0.912272806209545 0.909143687784724 -0.0815016011639007 0.408430275988889 0 0 0 0 0 0
-1685.38802456838 702.305234636907 2663.40006426762 0.0320041762486841 0.98172711902334 0.187583748449934 0.622025084303688 0.127341607115216 -0.772572899643767 0 0 0 0 0 0
2110.63009778355 1838.11535776463 -722.77710568426 -0.447225375038243 -0.284107893296421 -0.848099238348817 -0.787746112910757 -0.323969653221412 0.523927346815658 0 0 0 0 0 0
588.923076087963 76.1750900837162 -1401.72384241581 0.932340880653403 -0.264614118720743 0.246414359742728 -0.154264530301526 -0.90745681310304 -0.390800065587242 0 0 0 0 0 0
-65.2799554498788 -1068.92123543903 861.056590531088 -0.138507866129528 -0.495660679755035 -0.857400880066838 0.450413380410252 0.739501683816965 -0.500265102145452 0 0 0 0 0 0
-385.960979776482 -466.109839900341 -1479.08399388867 0.150811273936117 -0.985447117217778 -0.078422018557165 0.735403642941883 0.0588227560707689 0.675071437540027 0 0 0 0 0 0
-522.8095718406 -23.6002917242147 443.985093350581 -0.735404377093281 0.355162209521685 -0.577096443276436 0.317928954743534 0.932929286626008 0.16900966279565 0 0 0 0 0 0
2403.32114000317 1551.91018762077 -1365.08092607112 0.148321341546206 -0.874430417125497 -0.461922379200504 -0.0258720088085821 0.46349790276588 -0.885720281015175 0 0 0 0 0 0
10.1668541376317 2557.29629139903 -170.24742317114 0.978307942566054 0.0831501906274188 0.189735947032829 -0.115780054152714 -0.540030524926702 0.833643920264959 0 0 0 0 0 0
437.710516901768 1077.56735164157 -2812.10712003684 0.0708039888677952 0.96923827473082 0.235720278211443 -0.146352145320442 0.243850156009282 -0.958706546272077 0 0 0 0 0 0
335.783140188687 -169.00136999337 -231.931020296279 0.605505146199773 -0.77889837982777 -0.163343192074433 -0.700152779769387 -0.423784566753639 -0.574624139948739 0 0 0 0 0 0
-205.285097404742 2172.43382166952 -686.17491666083 -0.905404238360563 -0.00481282009959596 -0.424523422902985 -0.391100700446352 -0.379583986071101 0.838424973533154 0 0 0 0 0 0
-2657.68506818826 -80.5388680262332 245.896441599347 -0.207422323883641 0.0689619929142163 0.975817765384239 -0.975772241158805 -0.0855591277085884 -0.20136608571231 0 0 0 0 0 0
520.886127939812 1471.09809154779 1783.24894633833 -0.651399011365838 -0.750446912181219 -0.111842970277393 -0.0912655334965804 -0.0688383361045976 0.993444544968637 0 0 0 0 0 0
387.505294500308 -359.464485822427 -1676.08410292025 -0.447411063073676 0.540945079066106 0.712181085230334 0.883493314704722 0.390925961812177 0.258101756645265 0 0 0 0 0 0
-1180.22747382901 587.625269039809 373.712333684424 -0.67366146280291 0.218771252792151 -0.705917414015472 -0.168239812527459 -0.975498842373295 -0.141765061566268 0 0 0 0 0 0
-561.636331433558 -2513.5389748223 -1524.99098442908 0.416385210292079 -0.850729555515372 -0.320753174001412 0.517594878153651 0.511845254871441 -0.68564569117336 0 0 0 0 0 0
-2715.59224980228 -565.092472135408 431.384158408513 0.0226655161575567 -0.212665234782463 0.976862262136221 0.896659292737375 0.436456764185262 0.0742130685192772 0 0 0 0 0 0
-520.815774398448 3049.74031718294 -1272.5660742793 0.714713064401588 -0.445763215292842 -0.538962491604158 0.596361019354701 0.791007376875327 0.136605124193211 0 0 0 0 0 0
-73.6942952336519 1429.16799791761 1626.07267149653 0.614245627580139 -0.468826674594678 -0.634747068511574 0.738591424238215 0.058373088353053 0.671621370703355 0 0 0 0 0 0
-507.844035889702 441.337125010761 1262.92150733497 0.899801879150378 -0.405087740105115 0.162051321014022 0.434127652611183 0.868284876606081 -0.240030593840749 0 0 0 0 0 0
2717.80244736914 -434.36234678889 -1120.55085852911 0.878317670428693 -0.27242140392661 -0.392867397288356 0.00552375915809535 -0.815927336457038 0.578128117566919 0 0 0 0 0 0
-216.280082946551 -142.180122864662 1592.68457046515 0.830303834466468 -0.455214883076969 0.321519973944603 -0.027482204628502 0.542767618540693 0.839433189838619 0 0 0 0 0 0
281.257705143419 648.976619425492 1864.44130253847 0.048932342052682 0.387108016509768 -0.920735102629328 0.651515003396209 0.686350380373899 0.323189459421002 0 0 0 0 0 0
-1729.14115662696 2895.5261956496 -114.853217360937 -0.0331625065021725 -0.906121917822984 0.42171493145773 -0.179044933574148 0.420507210931899 0.889447429337238 0 0 0 0 0 0
337.113966849244 2658.72585579468 658.753213441819 -0.465622753243671 0.75679357684171 -0.458758261829045 -0.313158260606104 -0.625739138115209 -0.714410663052359 0 0 0 0 0 0
-945.822733834235 -3972.71472878984 -222.529215048773 0.303214735773173 -0.946061515804192 0.114142607365688 0.607010166249656 0.099421287276245 -0.788450484560747 0 0 0 0 0 0
-812.884924372907 -1803.2152584788 977.062627415999 -0.450179593288151 0.786446046455828 0.422896163317217 0.577553963696308 -0.104744476120141 0.80960497317105 0 0 0 0 0 0
1465.48281731301 491.378668205562 -258.757426125633 -0.369858124269033 -0.818346499029305 0.439902285816492 -0.55063305660039 0.574436448265418 0.605661629606799 0 0 0 0 0 0
-588.641522360673 -2119.72776597589 655.653318958078 0.449797543462765 -0.554715502115941 -0.699980734567845 -0.0692082775496395 0.759733973664254 -0.646540482116813 0 0 0 0 0 0
-1905.14221870554 -1872.12699443242 -1144.7090696246 0.570875606129992 0.553324749024654 -0.606574643151098 0.215552348028917 -0.813882442058378 -0.539567083688864 0 0 0 0 0 0
2323.77053390441 -1200.89570915037 1520.05459256958 -0.326328970074539 0.548707229362071 -0.769694704223647 -0.872709608410638 -0.487729896569277 0.0223068817797247 0 0 0 0 0 0
-682.803094186676 2199.04077940288 106.181855029696 0.607247015737898 -0.350510878654088 0.713017038280041 -0.745188591469253 -0.56254192345639 0.358107170048005 0 0 0 0 0 0
703.58698679619 569.834636692888 735.295880300952 -0.609376174129844 0.783435955507498 0.122020208365791 0.237281018100446 0.0333502533734586 0.970868500858849 0 0 0 0 0 0
-1622.74468721013 1201.1651199938 -1926.66110475407 0.926006364399987 0.216942428094238 -0.308947050489983 -0.292500806886439 0.929687253538947 -0.223886280471232 0 0 0 0 0 0
-1765.23342562357 2192.03625292254 -696.364205201648 0.652337217945216 -0.679694375179506 0.335368168236699 0.572701102873476 0.731867453875209 0.369301473251237 0 0 0 0 0 0
664.375322514286 2733.86959037685 -3005.3716684881 0.959777749965693 0.198857183851426 0.198198521413016 -0.121118496852248 0.93012410149999 -0.346698082684304 0 0 0 0 0 0
853.025502095957 2531.9893407787 1139.57452271304 -0.838426345350344 0.0548072929900747 -0.542252330206691 -0.034680434741729 0.98754963178188 0.153437630767217 0 0 0 0 0 0
2466.10407945901 -1216.24517166812 1544.92202938642 0.905107477017491 0.399674773679458 0.145054244394419 0.379834665231488 -0.913369947092057 0.14656419446924 0 0 0 0 0 0
-731.917179011742 -88.1844745136434 2111.56586109736 -0.262109750037736 0.963580606908386 -0.0530179854086167 0.883391888540474 0.261687664951707 0.388765139785828 0 0 0 0 0 0
1128.43943075624 -1432.87904914227 -698.204959914611 -0.506591219356074 -0.540826993701641 0.67146974287576 0.832141862409377 -0.102897285952863 0.544933109390566 0 0 0 0 0 0
-475.754965015709 -138.038589332551 73.8893258350242 0.44265206753725 0.213705020953439 0.870855522486778 0.892209875202772 -0.00796927402660379 -0.451550748372127 0 0 0 0 0 0
393.096772143788 420.881228545336 -1653.85791976425 0.381517148727516 -0.316657293903532 0.868431345346584 -0.363222456333648 -0.915278514748082 -0.174169171223383 0 0 0 0 0 0
-986.720353642972 577.917809670255 2393.65392351621 -0.224405552340924 0.113476751320179 0.967866385767197 0.967636005157398 -0.0916924167761077 0.235102544323208 0 0 0 0 0 0
1446.01673951141 35.7660168509934 252.848178650235 0.2495987205511 -0.692048011498735 0.677325696815061 -0.937098725639347 -0.34888667892207 -0.0111434008901603 0 0 0 0 0 0
-379.828972179736 578.789891896916 45.5339821636098 0.276781298523048 -0.0522619750562634 0.959510785801064 0.2317228106042 -0.965423150777658 -0.119427013061604 0 0 0 0 0 0
-846.866837685748 -1583.77074025171 -27.6422483862429 -0.973071525618068 -0.212050679108839 -0.0903685157243701 -0.22869739361685 0.839173276333682 0.493442969158335 0 0 0 0 0 0
212.142830673747 438.220929754804 -128.55163216933 0.308607578841922 -0.831794813719448 -0.461387998449877 0.824754997605468 -0.00764725451797881 0.565438580568495 0 0 0 0 0 0
643.8962988192 75.8608370913414 1677.60994832048 -0.868620035156536 -0.188068266658892 -0.458399169631108 0.250052638546568 -0.965095710206774 -0.0778727106437239 0 0 0 0 0 0
2858.09202668853 -769.896396758647 -1024.81136646709 -0.228832713824822 0.811770177418812 0.537275427642767 -0.963207247134706 -0.268726739451949 -0.00422318102746234 0 0 0 0 0 0
-254.183985241931 622.48113126539 -719.980530721809 -0.239507524773445 -0.751869240343142 0.614270964877279 -0.70003338005184 -0.304665314225599 -0.645857866328017 0 0 0 0 0 0
931.952129144239 688.91509519765 981.6355053639 -0.313326099559006 -0.347358233596237 -0.883837685260106 -0.895174597020639 -0.202643602771501 0.396986359953291 0 0 0 0 0 0
1237.38397636264 1403.89543204289 -1429.27387539546 -0.939355021443366 0.186217686174307 0.287984652145293 0.275403536015395 0.910014738794168 0.309880823172236 0 0 0 0 0 0
-72.4588248429715 -994.803734459832 -2511.66735071243 0.445284341121191 -0.397424238724936 0.802356433470034 0.756885905991934 0.64582682559449 -0.100157739057084 0 0 0 0 0 0
1020.75675500973 2516.00206291923 -947.041795158981 0.495299372108513 -0.788230930803635 -0.365199420358523 0.434775680534969 0.588867879236797 -0.681325766920238 0 0 0 0 0 0
2110.63130322498 1335.07117385063 835.018914217729 0.917831213024459 0.211627701684977 0.335856652776537 0.355584012709899 -0.814417807181132 -0.458567008084481 0 0 0 0 0 0
-244.919658225749 -1515.20456263221 -4355.69983412956 0.429605640635451 -0.503668938886651 0.749504314021145 -0.557325278259087 0.505173818413084 0.658929449927238 0 0 0 0 0 0
-1730.1030968621 629.398637433744 -424.182477751305 -0.624314204151481 -0.248003353166989 -0.740760554205671 0.072270710058637 0.925862676880565 -0.370884639899498 0 0 0 0 0 0
-361.317005853754 7.71044160273792 316.858549630105 0.401546218091996 0.443793996338415 -0.801128950520341 0.806437000060292 0.243262464537902 0.538964588560275 0 0 0 0 0 0
470.219255039574 2606.71947068717 -1208.2905540918 0.625596456048596 -0.711392679554571 0.320233658269405 0.757412094684059 0.455465636577804 -0.467844060166593 0 0 0 0 0 0
-11.9182469297284 -1358.19357612862 -2222.54945486045 0.433770319054475 -0.151123050689153 0.888259688073168 -0.890108644115794 -0.224854653445819 0.396417879107067 0 0 0 0 0 0
495.981128305396 -433.897896495678 797.725108327429 -0.12951322831101 -0.884214729888684 0.44876580443955 0.243719274095393 -0.467080203366605 -0.849963003009198 0 0 0 0 0 0
-934.268649839048 -1424.44032632119 -1876.83319626519 0.191895602940541 0.961741393460656 -0.19552413073846 0.251211933124951 0.14445481470688 0.957092216043586 0 0 0 0 0 0
683.464540960345 -1822.04299942686 -84.8991294902838 -0.161800833805178 -0.984760250289929 -0.0637794385971791 -0.594020283454677 0.148802683169308 -0.790568003174091 0 0 0 0 0 0
-22.7475712941704 2694.43061065048 358.894853502152 0.566894380953505 -0.405026133041601 0.717345646766181 -0.817586576294318 -0.169952806437829 0.55015307419687 0 0 0 0 0 0
1246.54225472531 287.062176876099 84.6829826987273 0.23147090912521 0.772671798183747 0.591100373932772 0.939588793864491 -0.0200580115429403 -0.341717339913784 0 0 0 0 0 0
-2783.64423036986 1656.56217161938 430.796562260694 0.0521965688623303 0.660558616022993 -0.748957875333272 0.620837426555054 -0.608899355408936 -0.49376359996517 0 0 0 0 0 0
576.824786370366 320.352141980172 -2799.40806458177 -0.476727481261114 -0.0901496901999664 -0.874416378941487 -0.666455653269105 -0.611572038210414 0.426399569513317 0 0 0 0 0 0
-2973.97204643181 -3036.55036013735 1058.09702520583 0.183269299272118 0.980799071904622 0.0666759904070404 0.539399475708533 -0.0436238235654201 -0.840919305845408 0 0 0 0 0 0
-2010.14244339022 -1162.44830217284 -868.163245920928 -0.0477090861657236 -0.332602932293853 -0.941859461204563 -0.139198308065916 0.935946122062332 -0.323463736485859 0 0 0 0 0 0
-387.211855128064 -1265.29775272822 584.979652024634 0.568380931305978 -0.201391821437032 0.797737189029729 0.495160934083204 0.858062783097219 -0.136176643981025 0 0 0 0 0 0
1126.29385279256 -34.3798475780175 1406.57520828527 0.825501161775226 -0.425748664353427 -0.370521184751526 0.474932124527356 0.878686893414082 0.0484647225675046 0 0 0 0 0 0
3158.942050782 -646.769611417404 -748.921162284887 0.9104597208755 0.368132537432369 0.18852494423154 -0.257799910606412 0.148678673233454 0.954690513541109 0 0 0 0 0 0
-55.3381801293279 1304.75169333453 616.500160825025 -0.754055992757901 0.352145465585428 -0.554430534501759 -0.656214510192158 -0.439861115462332 0.613110886787111 0 0 0 0 0 0
-525.040457646561 833.060054702403 571.61786676478 0.912130763217503 0.183905815824934 0.366328031813111 0.176300422199801 0.630799146991795 -0.755652447905576 0 0 0 0 0 0
1510.34750541768 -1439.05018026229 149.300591026005 -0.53017424271283 0.845612103963857 -0.0620929601845353 -0.76309700259817 -0.443951993542324 0.469669823101698 0 0 0 0 0 0
-870.136796616716 105.652809706819 347.795090713449 0.409188562507778 -0.746918457610727 -0.524096971070678 0.621002841059828 -0.192864743413542 0.759709628540934 0 0 0 0 0 0
550.739389342558 1912.81734595258 241.119841094101 -0.582530505319772 0.648759376593135 -0.489662737868855 -0.761766690914652 -0.225640371954592 0.607287377027105 0 0 0 0 0 0
841.157342337915 -1430.708237768 1120.21864176289 -0.51331414989355 -0.673616834334992 -0.531741583080655 -0.846585735943275 0.4990506994382 0.185043716273884 0 0 0 0 0 0
52.6988210395777 1956.52436140723 395.533510828929 0.168930361153642 0.937204975523206 -0.305138369401535 0.82102867818149 0.037480618631394 0.569655337424664 0 0 0 0 0 0
364.072159154841 -329.663761194202 1382.59882637393 -0.0530759856107057 -0.349575304948496 0.935403753349142 0.852235827478434 0.472357177476299 0.224884361630319 0 0 0 0 0 0
-431.047072066523 -1099.46155840576 -1384.45214007939 0.420133003079268 0.393795831487336 0.817565359610765 0.217892203241946 -0.918355747435211 0.330372289883603 0 0 0 0 0 0
1590.62519946945 -1290.18537533716 459.594825409443 -0.321312294403609 -0.425119697425607 -0.846186562483087 0.735859661099247 -0.674518845377612 0.0594555657900539 0 0 0 0 0 0
-837.720605626828 -499.743716689404 1253.85222818319 0.411453925043349 -0.847310982030856 -0.335812354934049 -0.226474860434649 -0.451936145604669 0.862822684515601 0 0 0 0 0 0
-2551.29792210308 -1411.38700319862 -1212.63036394264 -0.800940080659326 -0.57156315861667 -0.178355351317152 -0.173873996904967 -0.063013244831846 0.982749857176571 0 0 0 0 0 0
-314.906951734208 -1990.13792220426 -511.626960345062 -0.205527791813947 0.147829940739008 -0.967421627093146 -0.592277086389064 -0.805729833814464 0.00270658033261987 0 0 0 0 0 0
3418.14526581646 -337.331632356317 -1799.18257265867 -0.778807853301469 -0.207122294948402 0.59208010191936 0.143930850056275 0.859717769013925 0.490070798382682 0 0 0 0 0 0
-1535.60922315163 1161.30431879996 -922.69169897823 -0.667933431200326 0.730998080137701 -0.13966675768444 -0.473246298092486 -0.272350977378952 0.837772603338342 0 0 0 0 0 0
2675.35167465502 61.8242736379986 1506.24782010977 0.158210489750928 0.163775173092958 0.97372846819052 0.938721971318948 0.280882283369213 -0.199765349678111 0 0 0 0 0 0
-361.114436404304 -302.420752739415 -382.66228587691 0.978553506398693 0.205944188327914 -0.00448180989354829 -0.135066138633042 0.625041917267114 -0.768817145266154 0 0 0 0 0 0
1582.15978878694 -2243.90833225661 1607.39456405426 0.0984834325992445 0.663002725392506 0.742110873761709 0.746220866346903 -0.542572734601974 0.385706267646701 0 0 0 0 0 0
1866.5280177198 8.27275569431018 1261.40353124647 -0.672494666788652 0.0727923104350703 -0.736513592959046 0.598154626229479 -0.532588090349677 -0.598799711256956 0 0 0 0 0 0
-931.385080330881 -820.247146466966 -1432.53172857752 -0.723717500008706 -0.674103000747708 -0.147710180644794 0.166378180050901 0.0372886377802633 -0.985356803309783 0 0 0 0 0 0
1210.57199206382 -1339.01369286552 2521.56358498985 -0.000424214548926181 0.980404273362572 -0.196995663901783 -0.898179209004354 -0.086978649733797 -0.430939497691557 0 0 0 0 0 0
-2248.37307549312 -2180.42092484565 158.322450163767 0.181295673416095 -0.8312003462699 -0.52558349864098 0.774992391222878 0.449761182278561 -0.443961539630543 0 0 0 0 0 0
766.303291401262 -40.8620463174049 -1494.04710804345 0.796915347755577 -0.585494529385447 0.148735412420343 0.594835194041343 0.717612874064699 -0.362219510336103 0 0 0 0 0 0
-496.510112903366 -809.120916623347 164.65703140421 -0.526933122030593 0.600941072167185 0.601008703771652 -0.828204306371926 -0.204280508757874 -0.521868913165832 0 0 0 0 0 0
1542.05065603986 2066.29278777973 -405.146566893143 -0.993427960385203 0.0252895277207848 0.111630741262023 -0.112978354970485 -0.37304626506301 -0.920908507689441 0 0 0 0 0 0
17.6942041050707 1345.45601516288 23.0693718468081 0.73368444840096 -0.168771492099151 0.658197087524357 0.469532620588983 -0.574272464134993 -0.670634295842169 0 0 0 0 0 0
-177.116166769413 -2823.45464414728 82.7913269830985 -0.554028644044624 -0.812719045455363 0.180388839788558 -0.0256504202208172 -0.199916118897303 -0.979477298577181 0 0 0 0 0 0
-1100.67323829201 1923.75428884298 -1967.43797579902 0.374257267711507 0.242586702135143 0.895032610939924 -0.916438569004119 0.244214306329084 0.317017096552592 0 0 0 0 0 0
-338.056396253212 90.4366446673475 -141.871144722708 -0.181509576225225 -0.468036088008986 0.864867919454121 -0.952747451635358 0.301529203173523 -0.0367758377482567 0 0 0 0 0 0
314.481132292769 -219.278710116535 1517.23204802455 -0.434447089992043 0.862922308842652 0.25811036854762 -0.686122208177061 -0.131415180020015 -0.715518385504639 0 0 0 0 0 0
1753.49282756503 -1777.95440828911 -1687.02752201931 -0.189161882831809 0.70716058410294 0.681279538483452 0.31108186675402 -0.614911956700802 0.724645745709365 0 0 0 0 0 0
2425.27673647387 2397.95254603537 158.497253262308 -0.619940544999387 0.352203122404012 0.701161029594066 0.717407682754762 0.616357016589121 0.324700412383745 0 0 0 0 0 0
4007.34915873906 2149.52019957892 797.899201279885 0.208515635530866 -0.59236354119329 0.778220254381299 0.061121715989598 -0.786262559180214 -0.614862040537283 0 0 0 0 0 0
-499.941292232729 2434.75574341144 2605.72348928474 0.0833442839566105 0.930697538365754 0.356168422143167 -0.695659751336777 -0.201572449157033 0.689511622888672 0 0 0 0 0 0
907.043499076065 -82.7962469120357 3044.26164821348 0.34134876284783 -0.9390119890724 0.0416846145956577 -0.809692023769067 -0.271236307577417 0.52041310414296 0 0 0 0 0 0
-759.749291071952 1153.35859589202 -1576.66668712391 0.547195354014841 -0.55490966996104 -0.626620041998327 0.624374582875689 -0.227972464496732 0.747117867421395 0 0 0 0 0 0
2005.25979102526 233.571452901283 -2083.33401404096 -0.842978374996992 -0.183219067336032 -0.50578485233074 -0.445841149019158 0.764067294649408 0.466290634428349 0 0 0 0 0 0
-891.801251956119 -822.27243775846 2474.79928861624 -0.277533514403256 -0.372839882946803 0.885418354528926 -0.556787665795896 0.813483472022866 0.168024337380013 0 0 0 0 0 0
-239.186746436853 -582.299944445924 1800.97939783834 -0.521505848052557 -0.575709587451946 -0.629754199394926 0.773647443940933 -0.00776261304085861 -0.63356883202439 0 0 0 0 0 0
-499.385260443057 407.267004307957 -38.8458014006844 -0.0920900630158904 0.502033650996349 0.859931259555362 0.440904742961153 -0.753769735331518 0.487272289113247 0 0 0 0 0 0
-1269.06780610421 -812.585023044046 1646.02932063637 0.589464762372572 0.533426868898549 -0.606619460317204 0.385935332819835 -0.845678869102614 -0.368620714283446 0 0 0 0 0 0
-720.625257481579 -925.100584599784 -2061.52861912147 0.445341427760828 -0.629254278412855 0.636953839773481 0.644584946950383 -0.268428494697784 -0.715860653692775 0 0 0 0 0 0
-1382.7971392952 3382.82539637801 -345.431353137636 -0.655882815625994 -0.0998488020165589 0.748229955855868 -0.712083851863589 0.410783258017208 -0.569380251613383 0 0 0 0 0 0
-1324.21133614431 -1694.20123151918 1520.96974456892 -0.0499184063130146 -0.58070243779185 -0.81258408612255 0.980967095165951 0.124353874594093 -0.149130302036095 0 0 0 0 0 0
372.880021337583 1166.05275334392 327.285120263993 -0.921139334865017 0.348362445731482 0.173626166820913 0.384343192640718 0.884545155256556 0.264310956221833 0 0 0 0 0 0
852.173317782832 1352.64940999079 -249.484960196246 -0.442035717092765 0.11156121768403 -0.890032896230026 0.895400797573193 -0.00429752172205169 -0.445240378237849 0 0 0 0 0 0
-258.40371672397 -787.224349303531 -131.651757519814 0.150850506522928 -0.479408204043267 -0.864529924399775 0.533195877957105 -0.696963924037788 0.479524335018938 0 0 0 0 0 0
-826.906677189234 1177.74677564834 -2422.1643953856 -0.987861541738787 0.0386972609756357 -0.150440057645316 0.0988582408336978 0.903649385107853 -0.416707269042927 0 0 0 0 0 0
-100.799500653601 -105.623398163848 435.5744195692 0.1549920032243 -0.514709001259791 -0.843239100665593 -0.973011908723734 0.0681702934875996 -0.220455752284324 0 0 0 0 0 0
-1105.9336115127 1104.1324712004 -500.0461277077 0.0648329151046874 -0.655594711623192 -0.752324643540578 0.493693431117152 0.67625444916767 -0.546760315690943 0 0 0 0 0 0
-1613.01678271031 1348.24835765091 -207.999285209006 -0.402283697661212 0.476179668671816 0.781934050309781 0.772072745095873 -0.282544767694932 0.569273517510031 0 0 0 0 0 0
1035.2543068079 -30.0552457674486 -1214.48233691145 0.747193886003771 -0.570762353521901 -0.340487416176196 0.535109841695614 0.212820930625867 0.817535804570932 0 0 0 0 0 0
3365.43909772509 866.362627445312 2338.0535927729 0.43211569683408 -0.00372848791113106 0.901810517055087 -0.726064584498232 0.591679590512601 0.350350736211849 0 0 0 0 0 0
891.577062855721 282.64616151147 -1274.10512118366 -0.136825030655859 -0.944275999464999 -0.299369176261514 -0.964237435088522 0.196207599647877 -0.178182538916264 0 0 0 0 0 0
784.5410534501 1084.44853835634 1520.81949438666 0.531140851846172 0.845830942217771 0.0495930327337359 -0.270575672881949 0.224793286907111 -0.936085920158305 0 0 0 0 0 0
1372.45573788266 -2799.06065269433 239.777478693097 -0.43519105151488 0.860224249649891 0.265749992242925 -0.308669873141188 0.13472579658945 -0.941579502584445 0 0 0 0 0 0
-667.234479886256 1787.12723642064 -359.087396607845 -0.991518228387309 0.00560793272215315 -0.129846703113932 0.0637561560392798 -0.849612240203531 -0.523540074785493 0 0 0 0 0 0
-179.046818846651 -27.5852880293678 -944.301815787905 -0.610957511142389 -0.562040708202949 0.557531476079761 0.502425570962612 -0.819525874995439 -0.275583015022301 0 0 0 0 0 0
842.931788273783 2020.12281234205 -1768.98452822835 -0.243168495763151 -0.132359078691288 0.960911181493468 0.867970215202125 0.412541231782894 0.276473615755576 0 0 0 0 0 0
427.753673953333 157.354073272657 -2472.79861348202 0.0718918569996879 0.86128985211949 -0.503002472978866 0.615419826296656 0.358560179581528 0.701920972269799 0 0 0 0 0 0
1309.21287711544 -2770.53065128877 641.674554864556 -0.529995636221818 0.465844735458701 0.708585533704171 0.670369413517303 -0.281575898766416 0.686527533637761 0 0 0 0 0 0
-623.439079469994 1413.51946693587 -166.984279355613 -0.404993626053495 -0.249224596253285 -0.879697268376495 -0.830698204418224 -0.30167533904549 0.467902279409888 0 0 0 0 0 0
-837.49260311334 -387.428672071734 1023.44462781061 -0.547899580566771 -0.780779539502735 -0.300315641038122 0.832727925594847 -0.543295039727577 -0.106746602248595 0 0 0 0 0 0
889.152204034035 -406.694660912099 -1400.50393310402 -0.123972125024871 -0.975429265838373 -0.182122922862368 -0.309621999611266 -0.136349413562652 0.941033016573521 0 0 0 0 0 0
2017.58979224394 1294.17768685322 945.388675460178 0.0071680215353709 0.517098136150863 0.855896142875 -0.559855298421024 0.711272552588098 -0.425033603933956 0 0 0 0 0 0
-1196.82372767144 -258.07057156954 2732.14189966332 0.164204379152997 0.983685222383643 -0.0734879290504666 0.694856522156541 -0.168225529706895 -0.699195856967588 0 0 0 0 0 0
823.472560743683 242.601343847713 3026.9121372958 -0.206831027749779 -0.402162337602275 0.891900420742153 -0.944041339132149 0.321420487115426 -0.0739923159142535 0 0 0 0 0 0
-867.853926658566 706.011447088232 -947.931866722814 0.323408564934092 -0.895236629322722 0.306526382891863 -0.128580244074144 0.279354284521444 0.951540057523994 0 0 0 0 0 0
686.591258936407 -408.824224924053 -2010.02768057854 0.141919206912896 0.300487243041843 -0.943168300681081 -0.84393588405609 0.534688824437612 0.0433607198404458 0 0 0 0 0 0
1151.4250514173 -1162.15722701442 -217.1436397333 0.628938857145699 0.77626841436158 -0.0429340867211256 0.499785784641006 -0.445996637787814 -0.742496633719796 0 0 0 0 0 0
-448.885656692724 869.851352842385 2805.10690518764 0.921879281123737 0.281541561180819 -0.266219774824681 0.378144544260299 -0.803590507728875 0.459618328378972 0 0 0 0 0 0
-551.009562012051 -1083.333648454 1043.75630627545 0.447514117866744 -0.0224288613388659 -0.893995627519546 -0.851283247787374 0.295555120858434 -0.433548238803327 0 0 0 0 0 0
1019.60616778761 2082.45753587831 -1649.30897046773 -0.639664526555598 -0.545368366374573 -0.54166662167671 -0.663922516199979 0.747124721370232 0.0318082902398807 0 0 0 0 0 0
-2356.57405345295 1346.44121463342 -1907.77524668695 0.394443308002764 0.178997517037324 0.901318207347602 0.917130410772455 -0.0154934398202327 -0.398286256385291 0 0 0 0 0 0
176.967146897621 14.5023407564094 -416.865928574676 0.79932775131625 0.384321670773819 0.461922217580603 0.496784967301362 -0.855129537193338 -0.148183404929086 0 0 0 0 0 0
526.322563628181 -838.765727209319 1188.51862962157 0.0840810626354241 -0.500028621321244 -0.861917532487845 0.325831018217391 0.83122739457473 -0.450438956611755 0 0 0 0 0 0
679.149362944481 1544.49852110081 1246.37311533334 0.397209027910444 0.652858476149728 0.644981310838449 0.166943469687595 0.63967417390888 -0.750297935181973 0 0 0 0 0 0
-881.811307166686 -733.145816740518 1.54632751818174 -0.965881355913759 -0.118075040742744 -0.230502862961151 0.187068299208031 0.297433242635706 -0.936236659751623 0 0 0 0 0 0
-1490.33985439365 -458.090704161348 -393.939101172899 0.354316167109227 0.437487594204806 0.826477333024212 -0.935064373510209 0.155624204794442 0.318489967480601 0 0 0 0 0 0
1476.5139756544 1467.76930751761 -1699.84958325125 -0.0460255069717581 0.991452210936297 0.122082813582939 0.129571328126991 -0.115254700285936 0.984849084824859 0 0 0 0 0 0
683.904573836107 -165.394416706958 704.461852530512 0.41681289774503 -0.787348900716023 0.454256449700966 -0.902779429688207 -0.416894872547599 0.105773694902346 0 0 0 0 0 0
-168.046902337603 -656.32022954513 -696.390769327854 0.586793846435791 0.651490927262766 -0.480866573090633 0.586523209565926 -0.751403575797042 -0.302296781558107 0 0 0 0 0 0
-14.8648251158593 367.55189084931 -652.648141119884 0.0442271264301077 0.387316810703817 -0.920885363769035 0.707844755971302 0.638331002642552 0.302472245410702 0 0 0 0 0 0
1129.43711854806 403.17049875177 -2539.98228196375 0.443527082290193 -0.702180510580722 0.556979750611237 0.775377538209989 -0.0110748829516086 -0.631400903798143 0 0 0 0 0 0
-323.18606357687 -1703.46142879428 -1641.22302900859 0.406934967676815 0.718009267419757 0.564682800144263 -0.683173314688331 0.649583998212896 -0.333639068061535 0 0 0 0 0 0
681.404761434118 -2201.88487993706 -1290.98606927786 0.452109276981267 -0.747071349517193 0.487320962832956 -0.891847232711978 -0.387406558483886 0.233505215563358 0 0 0 0 0 0
-100.696920710147 1440.12212140348 153.596895318241 -0.808904621595453 -0.143392111308567 -0.570186079586679 0.196862851941742 0.847765881105728 -0.492481690920282 0 0 0 0 0 0
728.608745833405 -964.385126503314 -205.598100936263 -0.501095581297397 0.861815782205625 0.0785933743463532 -0.800508607672659 -0.427107427326362 -0.420434690578791 0 0 0 0 0 0
-877.585683805434 780.505939841741 1482.55334759043 -0.173957530960587 -0.188592672683075 -0.966525575383194 0.984716202386803 -0.0248039322487487 -0.172391638839972 0 0 0 0 0 0
778.230510990804 -881.35440191068 460.671005323037 -0.174893390753142 -0.0713795306731849 0.981996616649858 -0.921326878041097 -0.339873664308736 -0.188792948768036 0 0 0 0 0 0
-169.550308878187 -88.0649372593021 -1577.03877195917 0.962939362624501 0.0152684807898271 0.269285704834131 0.121083158558187 -0.916608136950094 -0.381009825000802 0 0 0 0 0 0
1243.64067902113 223.251196730495 -502.58314003443 -0.91507125754918 0.401556208950666 0.0373814804584516 0.391764498202348 0.863084257084655 0.318757361299427 0 0 0 0 0 0
2672.53650498163 -2365.48956450998 -980.414441156625 -0.0732596841996191 0.465915918416616 -0.88179103178146 0.646895714555178 -0.650736795171807 -0.397577182023859 0 0 0 0 0 0
65.8097702592236 -2030.08526561957 896.445701367222 -0.206267569665712 0.942952162921956 -0.261333097747513 0.960305382961747 0.246337837722352 0.130886512545851 0 0 0 0 0 0
-3026.08642060311 -341.267230153718 662.791488096819 0.653137721801535 0.342853303143669 -0.675176184652686 0.757043297718308 -0.315923459906621 0.571907299841211 0 0 0 0 0 0
420.014079142305 -2029.7054889699 1311.80759041556 -0.907666731442627 0.21256539852564 0.36188012053523 -0.133935841928507 0.67045759161385 -0.729758797660714 0 0 0 0 0 0
-1678.58185994696 -116.584720860325 1121.53501397634 0.440383543483127 0.108119944916291 -0.891275742723486 0.131540787554221 -0.989779717068714 -0.0550744630743081 0 0 0 0 0 0
218.711844930106 1380.77358241453 -2992.80551514688 0.93784234975837 -0.0287672340380972 0.345867464658125 -0.346204934529017 -0.147526380409949 0.926487030809211 0 0 0 0 0 0
2692.40728661616 279.502477092082 -1855.60096440874 0.046654039053969 -0.355626372845244 -0.933463140101751 -0.990975168833758 -0.134037194799155 0.0015363559605801 0 0 0 0 0 0
808.934678532866 2079.07000532612 873.194661297771 -0.820182950665767 0.571502821617624 -0.0261633390461188 -0.156428235471458 -0.268015173242017 -0.95063037146944 0 0 0 0 0 0
-1309.21320235584 -112.23462560492 -82.1449446213472 -0.678662225457462 -0.39674897563505 0.618067908092268 0.593041080433017 0.20041379294707 0.779831151894392 0 0 0 0 0 0
3968.56893192375 1726.09997342928 2224.00065368485 -0.304044740494709 -0.580214052037751 -0.755584854936087 0.623564333667806 0.478413706639623 -0.618294304634389 0 0 0 0 0 0
1004.00328109299 -2007.84202179296 1410.27618207222 -0.56965063256621 0.807537081776932 -0.152912211881872 -0.380351751520417 -0.423948001821782 -0.821949397795765 0 0 0 0 0 0
1193.70033092212 70.7272969827628 1011.05292269984 -0.912982965534342 -0.112463409116133 0.392191432596612 -0.299344245569305 0.837800936041109 -0.456599093542497 0 0 0 0 0 0
902.872188314556 1327.99168953107 -1353.54329166822 0.933606674744485 0.0521616785631084 -0.354482619783002 0.0546276609445062 -0.99850219230674 -0.00305463467988135 0 0 0 0 0 0
-251.012966435808 -555.337519711947 -828.50703584932 -0.135819514010673 -0.807665402802575 0.573785523278406 -0.974125648951074 0.00326727241615815 -0.22598403399907 0 0 0 0 0 0
-518.200369897257 455.221931463442 -104.339295567194 0.271308332474838 -0.762184698006749 0.587763873035263 0.808579170083801 -0.150767342671503 -0.56874338503172 0 0 0 0 0 0
-503.117025223843 1243.76524517602 -1574.54276040606 -0.735201222168586 -0.639862797760817 0.223729762815118 -0.432601643425878 0.697012678601375 0.571864761099885 0 0 0 0 0 0
292.968612460162 -558.302994365188 -790.734768561577 0.419479865880623 -0.141802729983545 -0.896620760281053 -0.466899308833088 0.813355397800692 -0.347070845316537 0 0 0 0 0 0
534.467725584863 2365.63782493407 1873.29195100958 0.977676817021313 0.0139649258120904 -0.209650117608497 0.0657122609003849 0.92741516591214 0.368216320279502 0 0 0 0 0 0
1910.72070147181 1255.00855024456 797.387590264228 -0.860727934890353 -0.468043620989481 0.200206645938937 -0.456101366218487 0.883704985606262 0.105057801344442 0 0 0 0 0 0
731.359652677312 569.163610099457 -3610.36093003347 -0.992907626883019 0.0927926668888313 -0.0743240170218906 0.0574184762201527 -0.173136789909073 -0.983222728788405 0 0 0 0 0 0
968.3456815554 -2668.8198231449 -1280.613292001 0.0335023538256346 0.877029284717429 -0.479267464624856 -0.469089622165135 -0.409637387948163 -0.782401564542838 0 0 0 0 0 0
367.403561034372 1503.83545528894 -64.3887426914243 0.260523218422358 0.429345687123434 -0.864748586725608 0.166076825645688 -0.902256653461278 -0.397934237011617 0 0 0 0 0 0
489.763231274733 -70.8939180676959 792.940312624146 0.171622362235741 0.811007226937865 -0.559297078232228 0.705348262043346 0.295187880591496 0.64447502692962 0 0 0 0 0 0
1387.78380141301 1089.49295264687 -1276.8330732582 -0.350933707216865 0.917099986383946 -0.189138073318667 0.936399166718999 0.344019905654023 -0.0693322702135876 0 0 0 0 0 0
2170.41873810895 -1776.66826514884 -831.812719800295 0.0857368260690693 -0.991363397088133 0.0992363932509159 -0.996246911569927 -0.0864930116850525 -0.00333525057454553 0 0 0 0 0 0
-1235.78293438019 -2112.08065148402 -2060.32875069784 -0.916447052966826 -0.359207109845039 0.176338593536052 -0.3610210648484 0.932278427579409 0.0228218286222953 0 0 0 0 0 0
382.921304973622 2231.89924031257 -753.21953979615 -0.0960043222051951 0.639576774444663 -0.762708848575956 0.0121863288004366 -0.765435572308297 -0.643397223787876 0 0 0 0 0 0
-342.738128101946 -968.309384122087 -557.351686201195 -0.688783876179725 -0.0223974154965565 0.724620747160513 -0.588898641081644 -0.565660163914178 -0.57725817862398 0 0 0 0 0 0
1340.27821262917 1508.31246960459 -1133.75245184942 -0.0615049455234518 -0.484442894284014 -0.872658216055528 0.0359298779127626 -0.874821385994213 0.483111377429128 0 0 0 0 0 0
445.940855213142 2179.85855978947 234.669874550303 0.434133769798651 -0.502545315483867 0.747647026634732 -0.870525096161207 -0.0205137121966755 0.491696293574647 0 0 0 0 0 0
-1126.62522545942 -926.840068006044 287.344338173335 0.2472413424573 -0.958048516775766 -0.144965523663375 0.822837268967934 0.12859013739345 0.553537275544304 0 0 0 0 0 0
-1678.75261823067 2362.66413119124 -553.530702659825 -0.973984843769701 0.220045587807945 0.0541617147970882 0.116840610812449 0.692414841098341 -0.711976133989682 0 0 0 0 0 0
1034.5869859396 -151.444767422079 -300.225350464485 -0.30582465334426 0.220626987622748 0.926172281529265 -0.950943897971299 -0.0231101288288631 -0.308499168156539 0 0 0 0 0 0
1313.05203248774 -2126.50103443704 -382.87524196045 0.573173447983174 -0.791573066452743 0.211859353356901 -0.808573074626405 -0.504391468896924 0.302983497874981 0 0 0 0 0 0
-404.230325495189 -89.6955395052315 -145.374079734797 -0.203749541872284 -0.706333442865838 0.677922794676398 -0.603503366706941 0.635853215781262 0.481117964822513 0 0 0 0 0 0
-648.912045177654 -217.026090264444 896.557921647685 0.872719586152753 -0.436448620032328 -0.218799729105586 0.0815935321005187 0.572238596411028 -0.816018184616336 0 0 0 0 0 0
1670.25697231992 -82.5460479244009 -725.39218080728 0.241658384991804 -0.96563325608881 -0.0956753579885875 0.893409200853321 0.182929609046912 0.41031318000702 0 0 0 0 0 0
438.082549260577 1812.8971528933 1120.69486433077 -0.225082756934736 0.29971436163463 -0.927097153983247 0.796555822568056 0.604561555284469 0.00205460595129886 0 0 0 0 0 0
17.1678727785382 229.674361321586 572.080175691818 0.731674516456653 0.0691817024621915 0.678134477550901 0.109843893603523 -0.993801290589163 -0.0171309616814151 0 0 0 0 0 0
-903.879004458314 352.337775429424 -1213.89169109242 -0.251164353330138 0.486192544718782 -0.836978649797237 0.783605392010861 0.609746096922088 0.119047587117711 0 0 0 0 0 0
630.372845832891 1265.14977422059 -879.497114357945 0.880321698544345 0.407815945830984 -0.242322150435952 0.455081857433656 -0.58180979645423 0.674090552741578 0 0 0 0 0 0
-2229.34830122791 111.965659388962 -1281.87145620666 -0.596420656653006 0.102219818859314 -0.796136686235842 -0.706855438791702 0.403063707733068 0.581287521253174 0 0 0 0 0 0
-656.677981303369 1674.29704210441 -612.479340555535 -0.846474206968825 -0.442042040197849 -0.296783134708892 0.244988144792681 -0.818267676937353 0.5200180470934 0 0 0 0 0 0
-1817.48157206337 1798.67519497158 -62.7187257132225 -0.518228372972067 -0.143881995780412 -0.843052450783016 -0.138411955319303 -0.958642042591431 0.248691902384139 0 0 0 0 0 0
655.740452145458 -3372.99393894301 226.140682335903 -0.958933831370742 0.199810259172985 0.201300683658023 0.281618799387395 0.755129018279113 0.592006106462273 0 0 0 0 0 0
1877.31639029412 2451.147135022 639.41282749261 -0.784156340957974 -0.47805268568234 0.395682429837992 -0.353080601317194 0.868051742681152 0.349027712318712 0 0 0 0 0 0
3952.5873818926 964.561669593276 1133.93331628198 0.323038254089612 -0.0733175762156457 0.943541725612995 -0.223120977735891 -0.974790649503621 0.000643644574351024 0 0 0 0 0 0
-582.720254443486 56.5226515851347 -165.557954883846 -0.0610173641392952 0.230289803503177 0.971207273830527 0.788512760741324 -0.585463312427325 0.188362639654617 0 0 0 0 0 0
-382.942031017764 1699.92762354293 -1030.76540969829 -0.0237585416766202 0.865715978219084 -0.499971447725186 0.988958384726272 -0.0528230165115419 -0.138459786201067 0 0 0 0 0 0
1496.58275270735 -2060.5284313257 883.550860481287 0.0438099061128112 -0.971629376152952 -0.232415961296681 0.712585834286257 0.193445231117915 -0.674388955782331 0 0 0 0 0 0
788.485938141194 -181.35331208235 1377.26251586761 0.994711656978658 -0.0278089000381379 -0.0988709711468962 0.00945874539455011 -0.933753076244109 0.357793027409688 0 0 0 0 0 0
-1094.38535076214 928.204026685372 -905.556953020384 -0.386472965958167 0.31596846403267 -0.866488718501569 -0.233001149709726 -0.942460316996843 -0.239748168479145 0 0 0 0 0 0
1717.3330064888 1649.69534606221 1623.26370324426 -0.629540112108197 0.233302422712296 0.741113545061405 -0.137782314721939 0.905213610396082 -0.402000512737253 0 0 0 0 0 0
-14.2949611015942 742.699387855345 -1243.98399472177 -0.649083603298674 0.641666986566547 0.408600127095894 0.145335604729658 0.631832227065848 -0.76135784824877 0 0 0 0 0 0
1549.87387912058 -702.332462484406 -1192.32793710562 0.628507264726926 -0.680081804281669 0.377448537452936 -0.667563550064007 -0.720698956338145 -0.18695457465281 0 0 0 0 0 0
2393.01250065531 -1130.4527880208 -461.607093302773 -0.209010830043298 -0.717646200080537 -0.664303009343088 0.157842486932487 0.645642216704145 -0.747149224845206 0 0 0 0 0 0
960.605781090251 864.303233045182 783.246157556007 0.877189490482932 -0.0494597688618996 0.477590324648114 -0.0691063782222351 0.971318600187239 0.22751847311217 0 0 0 0 0 0
3647.19611922337 -525.025571011237 -3655.09134985239 0.822992043023362 -0.35021056737916 -0.447254684044 -0.509773501302484 -0.80271172018246 -0.309491353895604 0 0 0 0 0 0
-563.983483912166 -2358.45359569702 515.790362772877 0.524845373805909 -0.823821643200405 0.214138458175454 0.236525500284845 0.382815866077717 0.893032893298712 0 0 0 0 0 0
-1405.0223132938 -278.521438122706 -320.619040058361 0.564785557262534 0.434574882423197 0.70154262612476 -0.821544574657988 0.376424968153516 0.428215862036646 0 0 0 0 0 0
-1584.48354635946 855.609774693355 888.552157880759 -0.0889724156926708 0.153261361917036 -0.984172160547823 0.719189500469806 0.693483601150931 0.0429764715942274 0 0 0 0 0 0
1662.34519752846 1102.05117766696 -2080.70829429688 -0.949822372311859 -0.0890353151266015 -0.299850405392162 -0.306467206067597 0.073127946915587 0.94906808729568 0 0 0 0 0 0
741.590051518514 -775.897857931784 -1482.68787662277 -0.614158970145837 0.662990990390266 -0.428079163886604 0.764568344813803 0.634278018896316 -0.114572075152211 0 0 0 0 0 0
-2671.14908153658 831.624568457587 1394.09024371763 0.000142790713033802 -0.0884155840521231 -0.996083725283208 0.874630044745056 -0.48288142743123 0.0429875221132802 0 0 0 0 0 0
1210.6722342414 2002.55915956353 -1765.59653582098 0.690134409609024 0.680477053512575 0.246303636131918 -0.570969327890345 0.302877767509875 0.763059034456342 0 0 0 0 0 0
-580.049545025409 -1514.80632440412 355.78418994882 -0.163617848646007 -0.526921580362492 0.834016130336421 0.746457908359409 0.486615656533965 0.453878655323473 0 0 0 0 0 0
-2323.35867800311 -1265.17465744542 756.407657934211 0.216831917169291 0.44394146421219 -0.869425208124176 -0.0134188794576671 0.891885100746217 0.452063134010853 0 0 0 0 0 0
-195.759849701511 -1976.26127073813 492.359897624101 0.583780272957698 0.760481081713247 -0.284375157891752 0.389114578428663 -0.569466951403852 -0.724083852407442 0 0 0 0 0 0
-1212.72254954001 -319.812326690547 991.646899565535 -0.656403259118977 0.302265029494085 0.691209547303181 -0.487883059754519 -0.868921846597289 -0.0833370031111459 0 0 0 0 0 0
617.739756724917 2231.24203277209 946.857554643276 0.832866984840503 -0.550150183505126 0.0605593554492166 -0.473948881897108 -0.652408203244882 0.59138487282276 0 0 0 0 0 0
435.24265789562 1760.59882706768 1828.521332861 0.0757744886839378 -0.975660045352385 -0.20578099062995 0.119819772848909 0.213788354131398 -0.969503950073889 0 0 0 0 0 0
-277.305439214393 812.567356957772 232.882314136558 -0.971365051109327 -0.176317601817269 -0.15925499608629 0.0451491315241789 -0.795055651488762 0.604853844806575 0 0 0 0 0 0
731.549694967393 -2101.07306692726 -1432.4663349056 0.437507886242265 0.884352247950694 -0.162812972910953 0.128029935259415 0.117953970813277 0.984731110416964 0 0 0 0 0 0
451.650324091498 2033.31263108792 -2813.92206201028 -0.238354561313581 0.551967437319226 0.799073956416908 -0.686159843981219 -0.677990525487674 0.263654443982433 0 0 0 0 0 0
-1506.99538319443 -1411.88017449041 711.15239202162 -0.27313894599735 -0.927976491265651 0.253485525951603 -0.903856102675046 0.157364299123098 -0.397845109073644 0 0 0 0 0 0
2853.11676911013 -2014.03463421879 185.045830940321 0.479110864018916 0.565011296241901 0.671725557197381 -0.638972081016328 -0.300180890387365 0.708241669647542 0 0 0 0 0 0
-734.53843932796 -2433.60805006153 2121.07459825617 -0.952634544595546 -0.0819546262237597 -0.292866663886975 0.299145908204493 -0.0791071567328165 -0.950922604753346 0 0 0 0 0 0
1191.66990053318 459.597850888807 433.434153822135 0.924446170631057 -0.0641943067001643 0.375870330647045 0.123876386693626 -0.881700977156824 -0.455256130223098 0 0 0 0 0 0
827.052493467263 1538.83631895722 -98.3129257938479 -0.532844945706594 0.769453041217747 0.35216242317718 0.790645640216405 0.304375057104599 0.53125836631014 0 0 0 0 0 0
1258.98222148261 1821.62725349718 -1244.73555484421 -0.272547577899511 0.951848016651546 -0.140368171904494 -0.889446694937315 -0.304890162231519 -0.340480038529242 0 0 0 0 0 0
-938.738598230612 -445.723573979925 197.906051296457 0.902078421250862 -0.242241631839068 -0.357174730260828 0.264179077247187 -0.344494937133735 0.900851152677522 0 0 0 0 0 0
-63.2644618803064 701.623033910626 2703.08624997202 -0.692694438061297 -0.00484092982667561 0.721215043405311 -0.0463218512880687 0.998211573478198 -0.0377898661364181 0 0 0 0 0 0
-644.265175111053 1056.90384816374 1596.54432554359 -0.130926456266252 0.336619207018786 0.932494400369378 0.849273035808268 -0.447171471381218 0.280665302667813 0 0 0 0 0 0
968.978630472282 -801.227477243768 3484.66924262952 0.221128470506295 -0.24521645927519 0.943912695095011 -0.411944768169547 -0.900774217935655 -0.137504180924617 0 0 0 0 0 0
-898.903575048572 -3361.78304202757 1234.2040911458 -0.837948949670779 -0.390371905841626 -0.381380881004958 -0.538071681239943 0.474148924137992 0.696894328871656 0 0 0 0 0 0
-1347.65671533151 1027.10846915572 1283.02980460531 -0.0119634392830891 0.106553135144054 0.99423510337098 0.8333431311063 -0.548457013556724 0.0688061219817051 0 0 0 0 0 0
-432.289887213245 1357.23717463114 2090.31730918125 -0.9580991093127 0.238648348930575 -0.158408136159537 -0.0553167874770413 0.388460274053573 0.919803644429175 0 0 0 0 0 0
-319.721185383835 -398.298559685068 1959.96498161587 0.58271610896769 -0.269751028718442 0.766600630487705 0.404384966154746 -0.721984621197204 -0.561436641695366 0 0 0 0 0 0
-614.190160808897 -1520.50953740507 930.365454642058 0.472119922415263 0.187985871173145 0.861257276936906 -0.807982441111304 0.482968883923217 0.337498813059771 0 0 0 0 0 0
159.23747611114 768.568933297915 1723.12045759811 0.689898875031995 0.586680554201253 -0.424082121425336 0.374169353710193 -0.790497197039551 -0.48488318331275 0 0 0 0 0 0
-4585.35009645241 1235.68952653682 378.621560728533 -0.484648045618659 0.717550660676045 0.500237402357277 0.0238938916094489 -0.560816253863156 0.827595489527282 0 0 0 0 0 0
-656.049152856262 765.280097496868 -1714.03192024218 -0.87546849322187 0.472245275341239 -0.102661483010321 0.480758048350706 0.872684670371121 -0.0854003600846285 0 0 0 0 0 0
-374.822183977764 -1623.74932712756 -711.75827151518 0.0660339856159498 -0.156259647124269 -0.985506206302914 -0.99754154194794 0.0128857217501468 -0.068883539740803 0 0 0 0 0 0
1287.16483520522 -2814.33449212321 -920.367599328993 -0.43404640985768 -0.824852809557747 -0.362245330983235 -0.891441828945452 0.451327470305007 0.0404377316866716 0 0 0 0 0 0
2525.53885717462 -1464.6125745431 1160.57210560452 -0.477948565961166 -0.805230831354218 0.350953823633068 -0.600330894575595 0.591113567618037 0.538690684789212 0 0 0 0 0 0
-453.621366944374 -644.924318610828 1830.36604818799 0.29313372520055 0.685435511734496 -0.666521580518621 -0.884356598919991 -0.0705172761993273 -0.461455150447581 0 0 0 0 0 0
7.23384339773025 -226.753252159604 1307.00590133931 -0.0331697775676082 0.630745634840581 0.775280410123368 0.344801925158162 0.735305048528109 -0.58347075667105 0 0 0 0 0 0
1602.48490947618 -489.494452916328 -1167.67975958413 0.526215221458032 -0.686810784170662 -0.501386651688483 0.843956063714857 0.349638196975992 0.406806256267137 0 0 0 0 0 0
-1326.4617065704 -1508.38859352994 -264.601068147628 0.189583253640285 -0.859698541325635 0.474317082226948 -0.221188167731477 -0.508054874233306 -0.832439817893406 0 0 0 0 0 0
-2444.52596824711 -1395.16333988265 649.939867755862 -0.404628896834993 0.886107840306904 0.226027642957164 0.825466219700353 0.247542317498062 0.507275546201796 0 0 0 0 0 0
1688.57625772216 27.7230478942884 1014.28401993162 -0.211854689970842 0.643970320553263 -0.735132515576098 0.519569797546039 -0.562883254419367 -0.64281389388973 0 0 0 0 0 0
-1763.48899883914 -356.618167992932 1518.19983020936 -0.353226212382358 -0.8950727693727 0.272169279661242 -0.154902004297133 0.342863038797676 0.926526051949899 0 0 0 0 0 0
667.151368905074 -24.6330343335115 -2512.71836193685 -0.00762833274177295 0.783333043284836 -0.621555574689135 0.986718421452104 -0.0949637432838006 -0.131790709083126 0 0 0 0 0 0
-204.753618497053 -451.041099225647 -3376.801363742 -0.437851976886315 0.70724417451334 -0.55505988117887 -0.27040795726998 -0.692397452188908 -0.6689285391796 0 0 0 0 0 0
892.725171102464 -1413.81932477609 975.961618271489 -0.689171450232138 0.422448387257904 0.588710616872204 -0.0747675516748561 -0.849587023572212 0.522122423525273 0 0 0 0 0 0
-792.956362299962 -694.409880338133 2871.89863372894 -0.327749578115522 0.85771899557222 -0.396104155157195 -0.214906433857812 -0.475955726780878 -0.852808075911551 0 0 0 0 0 0
968.382986798872 -1118.69009514163 -937.793264650234 -0.648330719061961 -0.734364560539887 -0.20093793019462 -0.236429227019798 0.445063949630892 -0.863724114159515 0 0 0 0 0 0
1194.734641304 -230.695785099906 449.430197555014 0.483294664040365 -0.859423828797743 -0.16678440397653 0.565328739992502 0.160908501915801 0.809019137813328 0 0 0 0 0 0
3981.98488501331 484.028174623727 -28.4217142447194 -0.583949586828058 0.376736437622877 0.719077643855033 -0.798206237988579 -0.105099852675433 -0.593144936801448 0 0 0 0 0 0
-1471.78718659404 -265.859346663361 -102.950089485041 -0.74085268745862 -0.153759706267864 -0.65383130133712 -0.0560398147020835 0.984200795202031 -0.167953353357118 0 0 0 0 0 0
670.387089671723 -1213.67439215294 -124.021550516107 -0.954744503049405 -0.238956089016522 0.177096178208045 0.225621150484553 -0.969837251296425 -0.0922548043578486 0 0 0 0 0 0
1234.95045974975 545.290770631031 967.988403982708 0.143316359857291 -0.869548109742642 0.472595713740466 -0.989357464678002 -0.138013996408764 0.0460885449657303 0 0 0 0 0 0
-166.401733713966 1503.00910609014 3186.69013269831 0.626209305197611 -0.716340726409046 -0.307762754749108 0.264497258836196 -0.176143645784877 0.948163840190039 0 0 0 0 0 0
1047.0424095813 -1408.19231893281 -2303.93538178574 -0.191564759483443 -0.453822722154888 0.870257483308309 0.253825106024839 0.833607188204667 0.490583323620231 0 0 0 0 0 0
678.457030002545 1042.06884808999 -1021.76964602142 0.837959768080279 -0.455051462300929 0.301250191108174 -0.285901550397314 -0.836247322598995 -0.467921860926073 0 0 0 0 0 0
2071.41762218548 -3118.6359228938 -1448.22499467505 -0.843167517955306 0.504398741735538 0.186146413417497 0.417369078206423 0.832307970186464 -0.364782957215959 0 0 0 0 0 0
1960.64861019 972.05137608336 -534.228486201624 -0.291557255320488 -0.0506342418054634 -0.955212292860237 -0.175843867292108 -0.978742700873784 0.105553969037971 0 0 0 0 0 0
320.693647808694 1365.61064214992 -4047.27978292119 -0.545226635073556 0.620945964505749 -0.563164355127053 0.815178002581903 0.236073789929137 -0.528917872639033 0 0 0 0 0 0
-481.067426321137 -1611.00851295758 838.510488474145 0.739806521798824 0.613440491940785 0.276364134572926 0.0556446879650943 0.353563025609752 -0.933754226324613 0 0 0 0 0 0
-2104.19482242626 32.8175518929159 -863.134381777166 -0.226425904948208 0.890144614559208 0.395441392467366 -0.692068876060491 -0.432707253584059 0.577758702046032 0 0 0 0 0 0
-84.4207911607648 -2163.17841052152 1112.79658778571 -0.598873220618459 -0.272678427733571 0.752992405980932 -0.298184015464951 -0.796719215901759 -0.525666133848672 0 0 0 0 0 0
2949.1944677496 -1264.50620803519 -2333.05682335672 -0.22114978501117 0.965548795326471 -0.137143355719529 -0.597397835559225 -0.0229694133516299 0.801616016583271 0 0 0 0 0 0
356.795091413827 -3433.1195348068 -2147.01891355416 0.908364527838514 0.117013176237713 0.401474667042543 0.321307740104566 -0.809759091372383 -0.490970120390741 0 0 0 0 0 0
235.849582808999 -1977.42498151501 -1391.57456142501 0.983498625513984 0.0193409168398885 -0.179879546282891 0.000197964399160163 -0.994383754381994 -0.10583505186493 0 0 0 0 0 0
1444.45355356332 1151.12227801044 -3167.83956869211 0.877906286508345 -0.0712101582869884 0.473508046376764 0.176562897708633 -0.871055957740565 -0.458352846538732 0 0 0 0 0 0
3108.68732849237 2829.10937066811 -1668.95385215374 -0.612781297695382 0.198196386294352 -0.764995081347743 -0.194654481873501 -0.976068125512291 -0.0969581325163709 0 0 0 0 0 0
274.095864433518 2944.30294138718 -743.00218635673 0.530550856977128 0.844958593716689 0.06753404936893 -0.655069385626117 0.459271528649607 -0.599961530067719 0 0 0 0 0 0
1280.17603738422 -480.356821940959 2080.48663547187 0.905805645633633 -0.169327918137126 0.388386842431847 -0.348063338666309 -0.820080010361253 0.454225668572456 0 0 0 0 0 0
8.74068009465317 -556.853234740619 -2530.61783243803 0.302388041240835 0.437996605963909 0.846593460286239 -0.504901117088202 0.82693761140443 -0.247485754650838 0 0 0 0 0 0
1316.95605150555 -747.791969941812 -504.861753345169 -0.215146878886967 0.0563544921059541 -0.974954384206326 -0.806610871478923 0.552544819157827 0.209936174715931 0 0 0 0 0 0
-507.1691484941 -88.9658294391734 324.931914965172 -0.736106549090003 0.631170353055253 0.244481632857716 0.414840439947049 0.135283334285184 0.89978100403162 0 0 0 0 0 0
972.516976759406 408.117820536276 -1392.32190768504 0.694918406082001 0.129784190066861 0.707279732737829 0.63772823118536 0.343227015096049 -0.689563799180714 0 0 0 0 0 0
-1328.72721217025 1445.19449251126 -182.132484312007 0.534329583717448 -0.835177533048485 -0.130270422119966 0.0701586595464355 0.1974040364046 -0.977808507324129 0 0 0 0 0 0
751.067811530083 675.450205901147 -156.935077206996 -0.848356035658213 0.47598928621227 -0.23178941299918 0.254546765894312 0.750605681223604 0.609751729238415 0 0 0 0 0 0
2892.16513150712 -1429.74099538758 4056.31633348794 -0.531571306026061 -0.273852807772027 -0.801521541015338 -0.23907009357106 -0.85930663237804 0.452148042775646 0 0 0 0 0 0
920.810168078397 2900.69798168397 484.118466522181 0.902599277020403 0.204153405664366 0.378993510920015 -0.0531986020895129 -0.820746849455665 0.568809975679606 0 0 0 0 0 0
-1564.51455997157 -552.811190721227 3169.37030782224 0.857777349640503 -0.502337466449753 0.108973374751908 -0.503799420234633 -0.779539857618246 0.37216108690578 0 0 0 0 0 0
-741.609275883096 1537.5421839907 702.499309222814 -0.695086348437004 0.462880170057431 -0.550088219989866 0.315482410849314 -0.491157760168779 -0.811932870541003 0 0 0 0 0 0
-1246.25264307033 -3300.17994097381 -344.730483923546 0.508289018211999 0.748303263180156 0.426244821688665 -0.276831121241454 -0.326707362975476 0.903674138312059 0 0 0 0 0 0
846.167480082186 333.038170728102 -160.048356495116 0.0884892801561678 0.429206068090904 0.898861468912308 0.611352866479875 0.689036475309294 -0.389199953605113 0 0 0 0 0 0
1990.80460462738 -588.550092242872 -768.106629575316 -0.0500194048827867 0.898208825002938 -0.4367139845172 0.998709700163874 0.0488283560111402 -0.0139605045998214 0 0 0 0 0 0
363.077986818414 -585.381074168661 1440.97309396262 -0.263664032040134 0.898444297343304 -0.351111394569843 -0.755833858967621 0.0337288273449354 0.653894212300607 0 0 0 0 0 0
-1766.52391685295 -1863.2751805714 1007.55370527685 0.761827733148737 -0.157970182652 -0.628222987179427 0.642270093207114 0.310421350440967 0.70080513009949 0 0 0 0 0 0
1904.0137349714 2437.05001728769 586.385635245945 0.718981064074522 -0.583606595931897 -0.37745148919466 -0.0787814381050747 -0.608003775774331 0.790015782566277 0 0 0 0 0 0
429.661380459375 -327.702502393638 -1030.33947388809 0.793961558327853 0.606838733931579 -0.0370388654710337 -0.599048788573712 0.770463332273772 -0.218006798605919 0 0 0 0 0 0
-1784.7444089581 794.890142965393 -215.022605223003 -0.446121583194204 0.608731812293923 0.656064935734275 0.40688107945324 0.790870591113212 -0.457134115845826 0 0 0 0 0 0
1307.69471208913 -2326.91441757939 -1510.75234741201 -0.28573599619929 -0.937744955432026 0.197457581985974 -0.514501922905962 0.323949199641456 0.793942582225659 0 0 0 0 0 0
1200.15545253271 1531.68850352629 1169.43852468021 -0.904687797613631 -0.239941215226244 0.352091230790409 -0.288340159568104 -0.263612092603332 -0.920526283803027 0 0 0 0 0 0
783.032809550487 844.695993958247 -1690.49673143555 0.731600445009221 -0.0167469209726598 -0.681528040254604 0.425847054357104 -0.769440605298033 0.476041581440015 0 0 0 0 0 0
1125.34758985578 1125.59907796967 -610.860538062935 0.0802204367498837 -0.996628153701046 0.0172329994796743 -0.674506753952196 -0.0670052375324127 -0.735221680663657 0 0 0 0 0 0
2645.01986342105 447.185072267448 -369.17590666339 -0.4479422086867 -0.874981076912 -0.183728200182375 0.670947550372877 -0.193163189594766 -0.715903287177076 0 0 0 0 0 0
992.734564191027 -157.13536015321 1021.37145192318 0.545761573295131 0.777520003044552 0.312421155372614 -0.76514181210965 0.310409460003346 0.564095739904521 0 0 0 0 0 0
-111.329538643089 -456.357803381614 1363.5244651387 -0.137078220439761 -0.96713024762768 -0.214169923005797 -0.935449847814772 0.197501833740235 -0.293132596990283 0 0 0 0 0 0
1602.7814257393 -1441.56472438152 2383.77853038695 -0.219632968191017 -0.96581808108882 -0.137684259289991 -0.970042612635233 0.231218965136752 -0.0745340040320206 0 0 0 0 0 0
151.650187417192 -825.981399016447 -426.94243352913 0.881921806906164 0.0538592501917113 0.468308946452925 -0.292332048117216 0.841840761978735 0.453702770778285 0 0 0 0 0 0
2628.72552935494 -522.465242449796 641.425958928796 0.137506687428785 0.675203592365495 -0.724701479456698 -0.787662640997789 0.518158978385448 0.333315108055625 0 0 0 0 0 0
1639.55083634824 -100.965370621881 350.03582123201 -0.338160681560008 -0.737550864005032 -0.584522228019418 -0.0900498203190195 -0.592903772781842 0.800222689560526 0 0 0 0 0 0
1559.92526048422 2116.64016485049 -135.159908750549 -0.863115649711522 0.157201933425574 -0.4799157475661 0.504943193619069 0.253599396630286 -0.825057484021991 0 0 0 0 0 0
868.88566107362 -25.7488378598372 -828.26428067142 0.996230872569292 0.0453152188371945 -0.0739646952807302 -0.0839788567388332 0.2903445260162 -0.953230195264698 0 0 0 0 0 0
-1242.86992819967 545.479606785173 507.928369693717 -0.249182038586743 0.345215615899624 -0.904839529219195 0.305920470784616 0.914529789526576 0.264665853461266 0 0 0 0 0 0
883.273846966849 -484.199398924272 2149.12744536804 -0.585705205012591 0.800822978991897 -0.125028019795007 -0.737302273566341 -0.462345794804597 0.492566527455541 0 0 0 0 0 0
-1643.26117206205 28.478441648391 1376.83696708929 -0.0669562216527743 0.0650906493973665 -0.99563053100183 0.930044059920169 -0.357266015886902 -0.0859022335388906 0 0 0 0 0 0
-120.762454501281 -632.196042188456 -511.48507892819 0.381409382475679 -0.220536029041485 0.897714306265338 0.31155402100048 -0.883640474998462 -0.349447702018974 0 0 0 0 0 0
-611.751022445421 1575.43364840168 -959.422998801643 -0.314724640995482 0.707720076544521 -0.632519425052219 -0.926109937040708 -0.374994038660249 0.0412300558769515 0 0 0 0 0 0
1221.65008412765 -382.279067419145 2659.07489960122 0.256953832467146 -0.966357369313756 0.0113213632675961 -0.783607539537015 -0.215188532920098 -0.582797673711721 0 0 0 0 0 0
-291.940024910131 -2820.92320276212 -980.29572705392 -0.574698416949233 -0.52545679664135 0.627389051695123 -0.38786478962139 -0.50017402210424 -0.7742008433292 0 0 0 0 0 0
-3009.16868329698 863.469145345229 631.126025587573 -0.29814674178002 -0.851017746815921 0.432293174419604 -0.929172301726538 0.362435832593329 0.0726583267080986 0 0 0 0 0 0
-408.887866426386 -3214.49658941833 3965.13497282676 0.0122264023947488 -0.63842139218962 -0.769589981678209 -0.329474090240272 0.724095121544885 -0.605915071913908 0 0 0 0 0 0
405.112348338381 293.73009464063 -1091.22206001922 -0.0570508225164217 -0.80299587242634 -0.593247795548244 0.452003835366155 0.509052918858603 -0.732500972151957 0 0 0 0 0 0
-2062.31792709283 1515.2249063444 29.1487341361442 -0.394593706641945 -0.268673377550472 0.878698118206493 -0.379630814132943 -0.82319120191706 -0.422180826176399 0 0 0 0 0 0
-2360.13296214567 -297.93189393833 -737.665779501157 0.563338372506201 -0.825403910336072 -0.0368576339642724 0.802064036925117 0.55702895605321 -0.215434713010641 0 0 0 0 0 0
387.253375235504 1792.44071891228 1841.89727119153 0.318252939279866 0.113077399718033 0.941237792621026 0.254136033978552 0.946344006289822 -0.199619703343222 0 0 0 0 0 0
-3850.4358650926 1081.19917681271 783.952467104327 -0.234334902490624 0.300023365586386 0.924701667260765 0.840787906905135 -0.414945748985822 0.347700660443587 0 0 0 0 0 0
-2657.30302030923 2505.59066796403 -556.585858013372 -0.710443137686861 -0.308876999911729 0.632349302672729 -0.0138410661789633 -0.892230237344194 -0.451368720556998 0 0 0 0 0 0
2145.32071297164 -520.133624861988 1841.26893040376 -0.664528807587075 0.716035380295502 0.213763644551259 -0.502561425974658 -0.639947881591639 0.58129069342018 0 0 0 0 0 0
-1181.992592819 775.503519817413 981.422228107307 -0.712243142605982 -0.140394199602095 0.687749332894697 -0.101206176022043 -0.949016296118993 -0.298538705584351 0 0 0 0 0 0
-2328.56679843256 130.626615907831 1087.90232671427 0.984429665179967 0.155234309756453 0.0824657982485099 0.172041190002249 -0.754649435877607 -0.63317143933565 0 0 0 0 0 0
2893.87557987455 -1121.65987853701 -2100.32307385805 0.71169656097309 0.561888587817533 -0.421627010956389 -0.638735999052896 0.76742550363363 -0.0554484360523045 0 0 0 0 0 0
-321.491624285777 1466.0922298387 431.322077791047 -0.0687075057686831 0.996696103302228 0.043315150268102 -0.0189910839707897 0.0421031925002727 -0.998932802691978 0 0 0 0 0 0
571.821457374867 1476.69353669031 2101.14895344481 0.50780945156338 0.552139398918347 -0.661265208459583 0.847990854715301 -0.455629931932429 0.270763593934118 0 0 0 0 0 0
1204.39005701092 1258.82335789103 425.111532993587 0.986035127994527 0.0281687981257935 -0.164138149206796 -0.16160127373713 -0.0763502166851285 -0.983898224806119 0 0 0 0 0 0
85.384021828072 1897.12284073531 -3858.1439146921 -0.864510964985625 -0.0972747411569062 -0.493111106060372 -0.499305265443253 0.278603919128661 0.820411040584356 0 0 0 0 0 0
472.315413600974 -514.79660164691 -58.0536334520463 -0.846236424263132 -0.0837313937765577 0.526187238977183 -0.505345407850196 0.439099462896564 -0.742844424334667 0 0 0 0 0 0
3153.85609170531 1400.85373250468 1851.31221249284 -0.440465013744812 -0.523684899477102 -0.72920831579441 0.065387054561766 0.791374053894262 -0.607825373239711 0 0 0 0 0 0
-3251.63309796171 1932.9313667317 -75.1895663122447 0.821438961143186 0.554393407938349 0.1337389242197 -0.0795208151368914 0.343562293133687 -0.935757168801028 0 0 0 0 0 0
747.450237007078 1667.79939579216 356.56234892284 0.763491843084212 -0.195532472113551 -0.615505798123213 -0.404552040042394 0.598098241353581 -0.691820930822941 0 0 0 0 0 0
755.994496851525 -1146.46315445838 -491.69411620403 0.271201328815751 0.950350555406431 -0.152590247252451 0.453889507453299 -0.266069357442645 -0.850406699891292 0 0 0 0 0 0
834.891747676576 209.56311202252 -1942.79385358943 -0.0757028818129308 0.274301015127286 0.958659555723444 0.0893797082017568 0.959414940911195 -0.267459123563935 0 0 0 0 0 0
727.694930829158 1261.41091666952 239.504563705213 -0.283009787801042 -0.0787080495414816 -0.955882135630659 -0.900362115429851 -0.321660388585963 0.29305768358584 0 0 0 0 0 0
-491.703098885708 -312.306032298201 1129.42646933387 -0.350314912663776 0.022168226264043 0.936369606710921 0.709453807463818 0.658988161632623 0.249819766139794 0 0 0 0 0 0
-181.703564770487 -727.233259629152 -230.964702227663 -0.432482517946118 -0.881347730304013 -0.190223978900493 -0.212338019180983 -0.105483433763743 0.971486460106967 0 0 0 0 0 0
1448.6633159607 484.236412115205 186.211872837277 -0.993561642130792 0.0862907769311567 -0.0734109139369351 -0.0600091224179029 -0.95045068527714 -0.305028575176372 0 0 0 0 0 0
916.474601136569 1868.36809944151 -1432.14893295209 0.861824602001827 0.495375818125712 -0.108909469867109 -0.373949971664525 0.475513139349599 -0.796271840372886 0 0 0 0 0 0
-711.6459266848 -1064.47356729441 549.312715933675 0.522045518865809 -0.825123442206987 -0.215962969929186 -0.0213974830214643 0.240455303059987 -0.970424417214773 0 0 0 0 0 0
-235.927864661675 1382.25069425028 1463.47359327233 0.123952820695472 -0.949538134478739 0.288120068166401 0.360485167463584 -0.227430749745921 -0.904613657291746 0 0 0 0 0 0
