t = 150855
b = 20 20 20
E = 0.00161187594929629 -0.314284461293042 0.315896337242338
-10.0106118262701 -14.5924687947559 2.23008441085924 -0.725404072907673 -0.347852211820688 0.593959309219615 0.65558046925619 -0.0861789678737872 0.750191469429852 0.654238002504941 -0.268725486577547 0.460521196154874 0.132196382020805 -0.335002020224019 0.254052346044743
-8.49454078133099 -14.5640257330208 2.08983364186828 0.44979013552344 -0.434755569290213 0.780177075161306 0.509374260267534 -0.592663505975118 -0.623929276103322 -0.352559418841382 -0.645454099882589 -0.18189455965114 -0.392678742684775 0.0899759878903207 0.0845297539093248
-8.1142115732211 -14.7144895399861 1.82546205884926 -0.0502680264966095 -0.791790017963526 0.608721082651099 0.576313873286314 -0.520776532141153 -0.629804742476997 -0.43851928058059 0.20734524792725 0.766886713747329 0.360501364200722 -0.0994191045491387 -0.152054991623044
-7.68636159995902 -14.8333162357805 1.65260342636017 -0.67236086689754 -0.740153941112776 -0.0101363538626516 0.417196339137015 -0.36760144241713 -0.831153440561247 -0.143112964211719 0.241954095140836 -0.361981790357164 0.0414615421881201 0.153481338446749 0.0176097093814613
-7.48256900699978 -15.2011090945 1.38446079549143 -0.969782823515792 -0.160832364498837 -0.183450539579016 0.239081128465719 -0.476729953573247 -0.845912909338563 0.0269896943965408 0.0511076467372638 -0.506135598779974 0.252022753719181 -0.586014160850903 0.155707210970668
-7.57146863765922 -15.6625816764992 1.05011259180371 -0.746100814455444 0.499743190351623 -0.439988800767923 0.328986305903507 -0.297823271625053 -0.89614126533678 -0.0560498169481255 0.289020283825334 -0.153345587194289 -0.121791174002553 0.108323487058325 0.229603964918084
-7.55959495063887 -15.9536890133044 0.651650028251563 -0.355222431721839 0.904337884746268 -0.236621798912022 0.0795174956519126 -0.222980065636271 -0.971574344286503 -0.0439471276523705 -0.0175199730312553 -0.0308331597076972 -0.0330171188794409 -0.386351751860488 0.0932526589054386
-7.87035561164843 -16.1040112711594 0.277577662450227 0.43525200532804 0.892047739926173 -0.121681626562476 0.167106234668997 -0.212852734001558 -0.962688435319173 0.293866342362914 -0.0360705423804424 0.7391660292833 0.324304163859082 -0.410727694014808 0.208720477435496
-7.8313414798715 -15.9616821017944 -0.191235510684837 0.933637066378743 0.215912894561444 0.285837922674096 0.327057921815998 -0.188272452224856 -0.926059627191315 -0.0811327962200772 -0.0159696200276813 0.187428139986806 -0.00224992524357392 -0.668409933924025 0.544856116002543
-7.55298031517475 -15.6772126421168 -0.454538471786634 0.697970424998072 -0.700607581430854 0.148277176582307 0.00272326206619256 -0.204456218748587 -0.978871879467274 0.373864121711748 -0.139778572397658 0.0854529501231926 -0.385330605479705 -0.186558721193431 0.0110774954089354
-8.46703139581284 -15.0993458936625 -0.959166394560825 0.605181588257804 -0.457162283019475 -0.651734450950361 -0.788497357916329 -0.456998299805465 -0.41161191786162 -0.00925622991359009 0.120757639345406 -0.055543151325668 -0.0577471473812861 0.730937701030716 -0.0474889065064606
-8.71885614100531 -15.0880774209553 -1.35995599603368 0.49055118661427 -0.866587037740331 0.0915768766606183 -0.737713259654842 -0.468924140885275 -0.485684232166923 0.411137765886504 -0.40637114704733 0.00140701240526532 0.560184680669477 -0.38461865418026 0.0741409850865923
-9.82728703150608 -14.5310227772713 -0.429103145768007 -0.0519003386458313 -0.973356728945804 0.223344680456115 0.655364622456321 0.135554094616521 0.743049226243867 0.0296292911010614 -0.290714244892609 -0.539534855974818 0.157312132128072 -0.0203310860816483 -0.135218596134264
-9.66996513131146 -14.408536899328 0.0390549466180765 0.204234299559273 -0.919884078842005 -0.334815585313819 0.803707349327443 -0.0376989642288758 0.593829225725221 0.24812887935768 0.0319660636138017 0.185774236417567 0.107129170362039 -0.331505311271131 -0.118810726215401
-9.48128304535301 -14.597245808444 0.404400241590654 0.605417536664071 -0.161213010237062 -0.77940988163283 0.78733035622902 -0.0220752387814135 0.616135909666178 -0.0261362242602441 -0.0803210462323292 -0.150696350243019 0.346707489083748 -0.0711745086539702 0.527815395147518
-10.2455812878997 -14.2736229111265 0.326619405456295 -0.0952703349389981 0.477898236513255 -0.873233471498773 0.794541370327057 0.564971992409226 0.2225096622186 0.781478901024788 0.147923192462791 0.120446150775987 -0.177482206081878 -0.407170742618988 -0.559715829332702
8.48654745622868 -4.75538857561436 -7.24779945513187 -0.0803608248053669 0.0512911413088277 -0.995445237126922 -0.330618587266524 -0.943509688518925 -0.0219247732505294 -0.372699328470066 -0.0988212197378213 -0.280669725610514 0.202011239071403 0.806731060772194 -0.192436143599128
8.09902104742858 -5.00856200629047 -7.30646355172208 0.599726889646394 -0.466979721105432 -0.649813407972984 -0.54738472268961 -0.831749681701988 0.0925325510330448 -0.265123076348729 -0.122896185933979 -0.428088194070173 0.0404387555062165 0.133733381583738 0.0430260745820543
7.56942765996421 -5.50670354965448 -5.93429382007205 0.00878059512163991 -0.997309037575124 0.0727834160642959 0.48387413720287 0.0679348467894892 0.872496685062739 -0.257519446923335 0.0248420865654094 -0.309505387231223 -0.313168759007143 0.366624872813249 -0.201360799399407
8.61618170773617 -4.83038333591589 -5.48518303602198 -0.294220347979306 -0.458125658118775 0.838781973513222 0.0014431173406809 -0.877839807925724 -0.4789520810167 -0.0929254827247321 0.311881614097337 -0.619370599678049 0.27901392654131 0.316476670609477 0.0510210764717594
8.84773229187624 -5.22894690677553 -5.49883064964889 -0.818548557246239 -0.269125845106844 0.507493228057224 0.0539576722831166 -0.915577531470951 -0.398505057612318 -0.504668059543617 0.580314892721015 -0.0931377007581831 0.371893155755306 -0.197346782178539 0.203344367018157
8.92709226374283 -5.57524721116489 -5.36311595828379 -0.899073488938942 -0.242192168226034 -0.364704956870546 0.315863923143319 -0.935672447321282 -0.157311738400987 0.339452831894469 0.147976535980058 -0.249442648120284 -0.26917740587001 0.0431948750763809 0.427769080271621
8.84125355945288 -6.0491133405395 -5.16964647263548 -0.361996350228573 -0.0950583200312694 -0.927320015253061 0.0452485758774707 -0.99540613299775 0.0843741609095898 0.367525498684628 -0.194113098107669 0.333743760583115 -0.114601135739192 -0.0784901826990241 -0.0661756484728248
8.55245657215482 -6.50254673117523 -5.1228646891334 0.175152078402994 0.0204947966455757 -0.984328004823154 0.113445860819205 -0.993543970602896 -0.000500040656641879 -0.413430168724163 -0.329865965660074 -0.0107320364907577 -0.390661253370163 -0.0812122265145934 -0.0282151812969107
8.24666265826255 -6.87718362376761 -5.27644475684286 0.671228531463529 -0.0270094100996955 -0.740758102285154 0.0160525729826521 -0.998571785403269 0.0509555267843941 -0.423763767258326 -0.0157511467847036 0.217790625804456 -0.0206383781219955 -0.0180711145183073 -0.229259514281438
8.18814295846773 -7.34672908335505 -5.55293418673569 0.955648490013614 0.172902069413374 -0.238412461100093 0.183857406114977 -0.982651742745538 0.0243298063936009 -0.312101657335147 0.338582433285216 -0.0523445574524998 0.394082622208823 -0.15054985627077 0.375393285267602
8.27010751318239 -7.79636236661078 -5.84549874826286 0.866157211038189 0.222611694271541 0.447454623105864 0.252683341140943 -0.967517691520244 -0.00778352142419028 0.198107280140023 -0.128496540617826 0.061555357679784 0.0262993460620784 0.437531260648044 -0.608834844774284
8.60228995879983 -8.16116940506363 -5.98803170392927 0.532359443745991 0.160862727893515 0.831093540433712 0.431681390677304 -0.896118487350843 -0.103066158788238 -0.396631615105437 0.695199536434193 -0.12766223803616 0.175912868165238 0.148828336178989 0.0308124355835708
9.11425472995552 -8.45494601502277 -5.99550049913851 0.0754118915027635 0.111245890083073 0.990927474323238 0.755445502467099 -0.655014912356514 0.0160436867343841 -0.0830640759121396 0.233854163872499 0.137610409077481 0.0552277355941971 0.0883248102829892 -0.328917513741968
9.64484113605318 -8.52876073772432 -5.84079346174108 -0.510759876532721 -0.240172773794848 0.825494597587549 0.657507933785453 -0.727753299276447 0.195085631268651 -0.192594178024077 -0.359274516157709 -0.283103340404512 0.710132690650376 0.271993086973583 0.0109909873575249
9.99594727484192 -8.58820156101602 -5.5032530001557 -0.646354194583326 -0.748872236796934 0.146343706666687 0.761689613366481 -0.62184022119497 0.182053686879138 0.229600292305029 0.414120226328139 -0.590762529807019 -0.523471475876345 0.234714070327643 0.0443304753209596
10.2952052985077 -8.8378903887828 -5.05187116007957 -0.672599394963827 -0.676549249335903 -0.299818344992406 0.676814992320105 -0.726234787653831 0.120433705945024 -0.822069630587942 -0.0421661212043292 0.324445723706556 0.186492574142833 -0.0161070531476622 -0.408819584437487
9.39914837658336 -9.65745718150091 -5.28466230444054 0.678945465312839 0.642056796492804 0.35608435299482 -0.575385831219107 0.766573733303716 -0.28512412777972 -0.730849583617988 -0.0917632762784871 -0.136277711737852 -0.271916499193519 -0.133033046792745 -0.112174418235793
9.12310431118674 -9.31743459130402 -5.15906605559065 0.774679534722961 0.542521746973309 -0.32487164279132 -0.605936637137221 0.783805281777974 -0.135977739379992 0.218635270654191 0.271414890544918 0.40862429304247 -0.150467295078 -0.447595185449336 -0.0194290540720151
9.10325366047471 -8.89886374482221 -4.8687491428959 0.397893384812956 0.345560169684194 -0.84986405918512 -0.475574467988601 0.86986135055966 0.131034510477128 0.0525886918014306 -0.252065079536202 -0.0533731986826363 -0.437035116623025 -0.438497185904742 0.360371147580602
9.11135713107776 -8.36069662912388 -4.79715112530715 0.118083311373808 0.00484272932488424 -0.992991843096567 -0.259463974515952 0.965398717371687 -0.0261464442436354 0.0042984312747863 0.534510112524625 0.20346472522882 0.263791538705388 0.633852196121443 -0.112041103003861
9.14857706610765 -7.89609244309819 -4.93259372436867 -0.295196897483435 -0.277235458823776 -0.914329918579598 -0.0275128010179967 0.959045889532962 -0.281911201803872 0.0953355294185582 -0.561029912058694 0.298050361347694 0.109846735419644 -0.0318196146270157 -0.424085012764709
9.28866506486747 -7.4926977699744 -5.26190764838562 -0.822049459673091 -0.27317852312376 -0.499607789545507 -0.0843591657037813 0.92614927341776 -0.36760153849723 0.318747163215317 -0.204442946491183 -0.448294434061226 -0.198873078062398 0.0530289263818969 0.69516096421663
9.34333879102656 -7.19126850709118 -5.67116270113174 -0.994843246256395 -0.0990355814157935 0.021878991478257 -0.0987791986964209 0.897154456316808 -0.430530391230622 0.484086482708866 -0.54446872069355 0.48037206979302 0.177409961565135 0.207901225977285 -0.525764808523976
9.11952665313273 -6.82600884554444 -6.08514425662176 -0.805439712925202 -0.133264270629025 0.577500984684965 -0.277875416621895 0.945571289591473 -0.169352055039629 0.107957726912997 -0.00790329270022562 -0.319916623522255 -0.223011427738576 0.0510653792434818 0.138258085136083
8.80798266251064 -6.47397068797441 -6.26955538926813 -0.235798360091443 -0.110238041890149 0.965529168801429 -0.481273993455815 0.876395917440715 -0.0174737499334244 1.02061318456506 0.109518938839622 0.530703424179099 0.143156434146097 0.354746100037792 0.289977550105106
8.3922011508954 -6.15999856807693 -6.24598526596237 0.407444065410961 0.150175536567343 0.900797740319535 -0.470756185994287 0.879771602159024 0.0662597431489062 -0.0149560386471901 0.015805080231458 0.11974798177034 0.234411637583769 -0.274914280300375 -0.000905166627611378
22.7970163297018 15.871238028138 0.0536675216680157 0.390836016546678 -0.698758084243324 0.599152925873343 0.891853930672877 0.126460048690991 -0.434285876653737 0.189075618884199 0.340261083718015 -0.249577267298119 -0.329060199554326 0.316376235337213 0.196385168841091
23.412159175135 20.2026365134661 -0.573800470943626 -0.379355416114676 -0.831616257703941 -0.405590483193742 -0.324515452501824 0.530098362813497 -0.783380697575141 0.21573945081869 0.176684564277546 -0.503692651131027 0.269948354072671 0.227093071099504 -0.0252828792975643
0.344057272302713 -4.26843362401818 11.3609722200007 -0.879413709739047 -0.166113140456756 0.446136542309123 -0.0299603988640115 0.954601186022512 0.296376146608935 0.255404499269356 0.490215840816435 -0.076111968116242 -0.239249506304032 -0.0381688002506601 -0.399962864452381
9.49957848531975 1.92401485127523 1.73708568554776 0.610817686245997 0.157739950393936 -0.775899309902809 -0.662895972891677 0.637768496803453 -0.392199111528355 -0.799158815645324 0.195761262615142 0.436951089983209 -0.289214219946429 -0.0473021388013893 0.127117099021147
21.5464199171888 9.06405995796487 -6.23890320626704 -0.881741991836781 0.000463249895245117 -0.471731623343694 -0.43842159429402 0.368301042426818 0.819841874931777 -0.0132777479616396 0.632938907194639 0.088196636441521 -0.498056529137649 -0.109199118834418 0.305620208058768
27.3085166577409 7.33724202781417 1.01094858184599 0.94685306136034 -0.298325488812235 0.120295426252005 -0.240816429960698 -0.409496625525849 0.879954454161448 0.358620761441975 0.17682217799965 0.0617955612456581 -0.353569022338994 0.712476016088964 -0.111931294970376
13.9842222353398 0.658967653937352 10.3597325818747 0.181385184403128 0.176772328559958 0.967393835818469 0.982807108274539 -0.0670828239595228 -0.172017101265409 -0.159473263585835 0.249189808332135 -0.301370043795859 -0.188195707958949 0.0234799513634029 -0.0614724243623239
8.64249959215358 25.9127307728693 4.67445026750938 -0.74186598694304 -0.000118300314261107 0.670548010533046 0.389221412049213 0.81421796017206 0.430761748162969 -0.170737413193004 -0.513463224400763 -0.145712804897981 0.17278146131764 -0.169760810415738 -0.205050257797827
7.24486064495744 -2.43689463758501 14.9084242613599 0.469462685873884 -0.574162975720096 -0.67077682175346 0.882941966601519 0.301611293184359 0.35978325697638 0.0444049547653851 -0.145039590057947 -0.24979055158188 -0.488539805755601 0.0480513834629658 0.278113003301566
10.3200745760082 6.82936746980383 17.0602138196296 -0.625920594632437 0.766246264643804 -0.145223599088008 -0.779407505068972 -0.621121900930551 0.0820451216904974 0.265967299756903 0.17918766512953 0.1937634198515 0.0277849059433363 -0.248423171284606 -0.405697452886188
18.6317199601212 28.747646732597 10.8917448832858 -0.237218359728665 0.869702572992871 -0.432833413972122 -0.965573650170075 -0.260043828238787 0.00667926660093209 -0.352310221797526 -0.0233177294840759 0.0113983996581701 -0.142807119210327 0.0726319649685934 -0.223769845775525
20.330487377342 17.2985071969719 4.47579540377295 -0.125943519358048 -0.899926906465459 -0.417456185195798 0.606765784502206 0.263037646441142 -0.750097532728544 -0.532843149934169 -0.0631362605562756 0.108213246158211 0.418164362211519 0.0873033769711253 0.00926513254330836
10.5384447320431 11.0163793791387 -1.73469473478007 0.543583613402639 0.707813821114363 0.451127778634412 0.836070040442088 -0.409097186851789 -0.365549178223291 0.287095042883923 0.295191559078281 0.3028430160375 0.210858641179601 0.0550356637629623 -0.301419368927748
22.4638701198162 1.74919829829722 9.92370791920469 0.173220611506652 0.614046432082392 0.770026923099749 -0.832399431248022 -0.326610050632398 0.447701819640436 0.141428750964691 -0.242848724921802 -0.331474595705909 -0.339425814000176 0.16211371490801 -0.371365855100228
5.19227518261434 4.30305147084843 22.8799244290231 0.214649236626328 -0.437590566097948 -0.87317815001421 0.967060622134 -0.0300153044349333 0.252770003572104 0.161087707978536 -0.376348098506095 0.201353892380272 -0.0332822533049678 0.270001895877732 0.0666685566817847
20.1612828426005 1.50467974556412 15.2610320882051 -0.175894026138104 -0.4861492696641 0.85599062664813 -0.490904413318764 0.797030087736928 0.35178938387915 -0.357331900571469 -0.186779675534148 0.0209506341137615 0.380846139092456 -0.425993665264979 0.684107447885665
4.87069505634736 13.9075479609402 -4.48199103709169 0.956887050804086 0.283415616636778 -0.0635814434485118 -0.256275530784909 0.720765210354578 -0.644065401102025 0.684337173914475 -0.552434043825128 -0.513091430172913 -0.200056339299603 -0.120947902901045 -0.557766847157353
11.5702086417307 2.75053631187282 16.3561297293183 -0.0242924541949304 0.0513748394184527 0.998383870933564 0.0919719327130069 -0.994328397883728 0.0534040450345873 -0.0684210407523628 -0.169184497225494 -0.1676819571998 0.692482887196255 0.582770823132947 -0.255480453478057
17.9743476444332 24.3096799013334 6.25652170820481 -0.523559764302307 -0.191704659740191 -0.830141149123181 0.607389396896067 -0.767259667333946 -0.205889628747945 -0.0680463552689552 0.0756464884321041 0.572348280741113 -0.242178991008036 -0.466310635287781 -0.355217818553662
15.5019700825702 17.4112915174039 -3.80392785338546 -0.113568712655843 0.621446531017728 0.775181412929543 0.160289409344768 -0.758547826497922 0.631595104600382 -0.217865981392303 -0.224784920857224 -0.601594592108708 -0.378836031394069 0.145305440544565 0.280105600257318
5.39929528439568 16.5981869055052 24.4257171625445 0.0537488685924471 -0.998514146704201 0.0089622265817254 0.84025470395416 0.0500756165427166 0.539874379570851 -0.249337405216586 0.0709686184382091 -0.349297424677577 0.451012675110203 -0.0624028319685658 0.17985371766958
32.9504994933754 10.2581149485528 15.066570355546 0.439016726787466 -0.884619096151284 0.157204451789813 0.402096261805923 0.0369745607087889 -0.914850428916359 -0.0729903230678922 0.084842945212351 -0.137776403733979 -0.0170609431455361 0.240126729242494 0.226810865016113
30.2447075715932 8.18663748950084 12.0617337175639 -0.0272773571669247 -0.723889974005195 -0.689375888588763 0.516870441595809 -0.600502720042982 0.610115737492093 0.117423580700847 0.0355690947577425 -0.42117936006128 0.0999575514091004 -0.544663591208405 -0.453524073305517
16.0718016362329 0.69233158088907 5.73845195113596 0.27481123381297 -0.0368566718636762 0.960791440544562 0.751518766048474 -0.615072369578744 -0.238548497197285 -0.163775250851396 0.057316511984277 0.0241636467334868 -0.194118526279653 0.0882109289852502 0.438915569726422
12.382037877517 -0.587478857268624 14.1338008421116 0.53936294674717 0.582890620778092 0.607721984365499 -0.45575035710532 0.808926572281621 -0.371388329392362 0.305797767226582 -0.703632938859803 -0.301387270714818 0.205586413100584 0.575989934454001 0.192453136553573
3.40204437590868 12.5026901498663 10.9450977457423 -0.272061678419736 -0.344384007077484 0.898544347391013 -0.911788417451644 -0.206238085949552 -0.355116325729569 0.34165717783616 0.079833614078423 -0.253764318836792 -0.315934637916212 -0.0955957405790718 -0.532586919524236
21.739983233571 13.5559431774063 23.7442732580358 0.572980890644009 0.655144096775982 -0.492421448980613 0.360978895755353 -0.741149743256247 -0.566031064145481 0.429565436097465 -0.443812381187951 -0.519034645406998 0.0243639449890203 0.175902933778584 -0.139840644673937
6.68931926709496 2.59441293014615 18.5433301019383 0.737499769685927 0.357253222705945 -0.573117878598128 0.0123133805114484 0.841372646033422 0.540315024193694 -0.0328308465984463 -0.522744194755483 0.338007512192179 0.114368751170395 0.179646579905393 0.0418262067041586
-2.74207130414341 18.6237051310397 -7.36568793132825 -0.599818763930685 0.340412971804899 -0.724110703409652 -0.442424780875256 0.61295036488607 0.654638824743338 0.223858866281157 -0.114079669729017 -0.426237123912479 0.436922126702123 0.00259726584408785 -0.316340093671501
21.9534559112909 11.1884041912252 17.276827759717 -0.356132454179196 -0.469907261824173 0.807686026917672 0.705103525448175 -0.70233922972403 -0.0977162429691562 0.663156302735295 0.0591809268307375 0.0618699758238156 -0.367950910896625 0.338929923965556 0.0118693325212026
28.8857550103301 14.2044674742038 5.65927050579765 -0.978940208828488 -0.203652651058656 0.0141959112884781 0.145299051048726 -0.646215988842752 0.749194864323162 -0.0764548924908268 0.0140472059883579 0.446311285566008 -0.0649587799531623 -0.217746375578952 -0.287743725080697
16.8223374644309 9.68231591208602 6.57098785868363 0.0959682638585037 -0.366869936064749 0.92530882575768 0.995093789210723 0.0129017986508844 -0.0980906467853972 0.155181790762465 0.234585554772676 0.341164015128806 -0.21897017290329 0.00129012189323766 -0.27539760842303
5.34024966534429 21.1957156324296 5.98557483090164 -0.733307685756519 0.225398058810253 0.641447918053314 -0.369062344530646 -0.924316310251776 -0.0971195699496925 -0.0168809428568768 -0.989929288291489 -0.551674666240077 0.669372133381805 0.135975382292587 -0.211445708659167
14.2704813378409 15.2809280405676 2.38180717609086 -0.655586692933303 -0.58318928025919 -0.479683470829886 0.359601230355167 0.317467636408143 -0.87744008414016 0.180022854086718 -0.398893562328245 -0.617588848201116 -0.764919975457247 0.0602374976856105 -0.0450978485814745
18.7428956858801 16.0670682754119 -1.84065079197574 0.541793375181493 0.414022730521157 0.731467636877462 0.713118334975093 0.23420357647822 -0.660765304269517 -0.0875708004951319 -0.608099583594697 -0.527032406514011 0.259498804695295 -0.273349376962185 0.269319585793876
17.573309409695 14.1327876914003 4.42931006673888 -0.266927851702253 0.625626694041193 0.733035175576423 -0.960599864827454 -0.111601284271796 -0.254544487161151 0.049642451046793 -0.0757026226629853 0.512192337622673 0.245102151029198 0.259507398642099 -0.590990429543872
18.9634871992721 4.62460189175643 -2.44153617304274 0.88147109142379 -0.272965903680502 0.385354655539554 -0.0418559925002743 -0.857966298048992 -0.51199772574938 0.0662382026392928 -0.418627394924162 -0.023230216024431 -0.274767053733965 -0.112698703864463 0.147695074304918
30.1215392088134 5.94600843374846 8.50310536680744 0.415587191932966 -0.358445259766994 0.835945068780709 -0.0856145380353157 0.899575296495072 0.428292242832536 -0.0809166288258059 0.154926353164345 0.193240784037431 -0.627670578112375 -0.0193218708076219 0.145236666754758
10.7849238459496 9.3681955896226 5.34920358848345 -0.148126258030946 0.266699892322502 0.952328492873081 -0.954962816237643 -0.288916565153107 -0.0676248356988218 0.363247102409133 0.321814438930812 -0.250887057742961 0.205995567570449 0.094065694264394 -0.194453038735178
12.8620423584289 23.4571001257026 4.1118773750847 -0.0838317594492971 -0.813359196045636 -0.575689945950086 -0.842443416106915 0.366412747430054 -0.395007139299069 0.176955619236735 -0.15397393578797 0.407911791381654 -0.774859759793038 -0.273588993708224 -0.306258814319744
12.7815329047421 -4.84626511983591 -7.43121230228698 -0.88163836169303 0.390718901200753 0.264674177465222 0.234285178893305 0.849216765016762 -0.473224251344959 0.26197337159657 -0.53260259098398 -0.382623829616 -0.40129526976387 -0.208436369515651 -0.152590277651718
-2.06436292376212 8.36795984750785 -0.0688256228338312 -0.567961105031901 0.122122777386346 -0.813944750258355 -0.670018563177894 0.505745190080414 0.543412113426499 -0.0280705968782087 0.261652056798531 0.247953512312722 -0.0633064033165482 -0.312893371506834 -0.382016116163288
19.0074261091594 18.9599927727776 8.98526236987442 0.987241412711005 0.0858913425310507 0.134077876345742 0.0526417206529512 -0.970748102384241 0.234258023728199 -0.258414205656698 0.200259264283153 -0.492222629182891 0.000248915728714549 0.228766587310606 0.462277256984522
13.5822834501223 8.39672303358329 8.97477941494048 0.221988742791549 -0.484856225948827 -0.845952311088732 -0.681349222539101 -0.69775861724101 0.221124460228709 0.626318332484042 -0.166867961968017 0.433205749325671 -0.334442955222705 -0.122774051748316 -0.528450989888196
6.59739692965001 20.9628268280099 10.0528351003375 -0.695481257596475 -0.691754762582836 0.194373257280594 -0.171929626706674 0.422858946672909 0.889736121356275 -0.0605751702336896 0.0467496802922185 0.845781166379982 -0.0846520998518911 -0.623008267079801 -0.856438830724997
17.2859576716219 -6.44384174793245 -5.23347145055504 0.616512090678279 0.72202025435507 -0.314005507129727 -0.704913449748464 0.328515283482724 -0.628629117795776 0.112117242060502 0.233603823034145 0.735593584474637 -0.365958968742793 -0.208147686996395 0.324133721593201
17.9317398052549 18.9227681717845 21.4318635585222 0.181694891115993 -0.567623711686511 0.802988273565201 -0.536910256603014 0.626855305993424 0.564605724414275 0.148082084500847 -0.271483154419558 0.174211400336514 0.20840473711461 0.0454584823918203 -0.0556185247789299
14.7931239365357 6.73372831297411 17.7877715520385 -0.111193699825065 -0.408731928030811 -0.905855387427096 0.293184545607519 0.857447745818934 -0.422878291712155 -0.375555482231685 0.285663578233394 0.30106698869584 -0.466533892005959 -0.693528013614273 -0.869924153626743
9.92877158677352 18.4790059757752 10.3385416814035 0.333029157417746 0.465957466418505 0.819740814124893 -0.876084126599501 -0.168562380882158 0.451733544611459 -0.476288307569002 -0.302549661817946 -0.232568648803346 -0.546432432947975 -0.235401377424346 -0.352638800197801
15.2793401465801 2.36208341112633 14.0843037885753 0.495201751126401 0.4004760466588 0.770969491814637 -0.731779864869289 0.670587845303892 0.121696457430369 -0.330953966181724 0.0838637207276761 0.0254992679964879 0.0227948155140541 0.0190675904550651 -0.112119122861174
15.0301318953187 1.77939026441889 18.52134899338 -0.181929645444291 -0.0137993777720286 0.983214654556072 0.326683416552672 0.94225801917109 0.0736725902465093 -0.162874361148408 -0.837053694435122 0.00264695055940705 0.366387732209816 0.669269733159605 0.27260564697372
12.9574209708153 13.3783874547091 6.58697555449873 -0.783930008609869 -0.617788951616931 -0.0615662215263325 0.571276604723874 -0.678952109730278 -0.461158271119281 0.334569003408181 -0.229498717288733 -0.116936832014543 0.0937226322833841 -0.174232812032078 0.225049518854218
19.9193742785932 8.35623916556256 3.78545515402112 0.588560665949491 0.786423881689731 -0.187439786828161 0.80842024350056 -0.570413987410597 0.145204629782532 -0.303132667497464 0.172357822775094 0.321015567431724 -0.643196780317263 -0.0680201832402258 0.351890833458744
2.32969643901506 5.07820461953958 -14.3473341559767 0.919322004706799 0.220566658672362 -0.325879236331172 -0.225454784591778 0.973977220374602 0.0232029688057164 0.284269355698051 0.574384440332306 0.0322695876247105 0.0693428529162411 0.192164612772341 -0.0860442633472864
13.8036438675417 19.6380552881672 1.81618219338173 -0.496737006760241 -0.763299076567921 0.413069888848794 0.661001934300964 -0.641150542019309 -0.389874597910288 0.339631879504196 0.0830734814901807 -0.301264410765118 -0.0130653407195243 0.475858643633204 0.217520768897136
24.3283429988942 0.563739196533508 15.193738874488 -0.0766581303371469 -0.497519432016869 -0.86405889317479 0.945398061856178 0.239059984043258 -0.221523556862237 0.643102692020892 -0.128042908939015 -0.345220073745387 0.342105499909983 0.465983874837015 -0.000925217755919539
10.3471001976947 2.84476458864005 12.357034764501 -0.102443342612301 0.991496589261626 0.0802479796759451 0.187838759519898 -0.0599395113379363 0.980369182839174 -0.441120608107188 -0.125285236985687 0.188729477439787 0.0671803677932012 0.704040554798838 -0.0482559731823455
19.1702823181669 12.5063886082283 0.0656364795841298 0.316890582763616 -0.107436335813959 0.942357501167367 0.930189318102934 -0.158884717731454 -0.330912845005586 0.677098374547785 0.00798249778965326 -0.792676287216682 0.959198424351483 0.197746978129933 0.00352229652238708
21.2758304237407 1.4896961769232 24.0666597604122 0.6883658945146 -0.71084870146118 0.144382634090645 -0.424496237406797 -0.233379838776039 0.874835214531871 -0.0534321241035885 0.0934148936142028 -0.00856289632472416 -0.474178466661662 -0.169894098712019 -0.198802007003454
12.9052903692371 17.7430888225162 6.90620754300281 -0.32950258238498 -0.872189359767323 0.361543419197024 0.267817352197259 0.280857561129317 0.921625025524494 0.598175230360242 0.207571982934674 -0.174272200605934 -0.268520864240444 -0.572813675950932 0.199779992378794
23.1614534361898 15.2572552894873 7.73289675245133 -0.237316760013351 -0.95088586504086 -0.198737620897213 0.896322524280347 -0.293215792781416 0.332611351975435 -0.29094061567092 0.546649895515262 0.263794515693184 0.0618401630573062 -0.65400275132349 -0.210937922994369
13.4424418784568 5.87938253291902 13.0314812489557 0.830739696203922 -0.529350583528449 -0.172218892111707 -0.460417390393833 -0.827284201120131 0.321895161713986 -0.441956963718879 -0.260445102202856 -0.370438775675215 -0.444010391306304 -0.12019547129258 -0.221340856090089
18.5974042488529 23.0739599674781 10.2624198498343 0.413854423386071 -0.722136472891876 0.554295264218847 -0.198302249698375 -0.665777403628825 -0.719316708858662 0.226532063224829 -0.15518300489949 0.237118908522363 -0.380063366523496 -0.530401130145617 0.389378993002599
6.40679174472205 11.7925833991415 -0.656497287143425 0.111000751453233 -0.308716572248003 -0.944654853132411 0.327964513756509 0.908658575413841 -0.258415714508351 0.0629189763601268 0.326886602732007 -0.0109846201105973 0.266388495806627 -0.315969776542546 -0.518610886034661
6.18509159014142 11.087269097518 7.91279660103668 0.958925079139528 0.255943311682316 -0.122293068411857 0.226213715911497 -0.950122947039594 -0.214694169468968 -0.148683025146949 -0.239634078896771 -0.360943531011158 0.172613436284141 0.227079043369343 -0.063380666219119
-1.16998454023795 12.8967547438094 8.31921997324277 0.255808335587721 0.0202459160343726 0.966515429197149 -0.718610191878646 0.67274590203529 0.176102854686453 -0.0522438574900087 0.0417720301089426 -0.299462088947536 -0.269107377735906 -0.159820280633294 0.403446785166001
9.505628663507 14.769281530443 -0.643968875207904 -0.499552154776579 0.579682953086313 -0.643750881896486 0.568175664832433 -0.341708596094512 -0.748606389749627 -0.829369825833455 -0.236521977727944 0.117642742249851 -0.054847170065353 -0.0145926069922431 0.0377579379393688
30.7052692522813 12.4025128854758 2.48946417806008 0.827797905999537 0.434989422603356 -0.354308734172981 -0.492239111502256 0.866132094106658 -0.0866933285304093 0.425798650638646 -0.141255038899933 0.0759941014603163 -0.164340091289604 0.18218385926344 -0.177468787279845
24.6583295214388 -2.61273941393631 11.3649559906267 0.859619416198473 0.415781366813764 0.296951491578528 0.499948429766257 -0.804363331747865 -0.321015658547539 0.00412164459341572 0.269310854427142 -0.499060908913283 -0.285863014679053 0.181402072751987 0.255686322487612
5.62659101230697 25.1879230441684 8.03288444043927 -0.0328486900910802 -0.723148654813077 -0.689910714246826 -0.998801201041013 0.0488156018440665 -0.00361144428812456 0.386259884406601 -0.0474477176132341 -0.144347171944004 -0.0152651308927686 -0.231667360080586 0.481056800557283
10.2246513045613 21.8300822026349 7.06473178859426 -0.287394098323776 0.130742300490169 0.948847121696167 -0.445340981320503 -0.895286791966657 -0.011526110910133 -0.220629759218003 0.457387856509762 -0.438021252777947 0.247426603173248 0.300450189983216 0.279754061763473
12.2014196679487 -11.7671249729172 20.779433850664 0.305311510180718 -0.201825876320465 0.93061865112101 -0.165800623858832 -0.97362066762828 -0.156757036562973 -0.387416024858125 -0.143408095614168 0.0537377900353633 0.141051541380502 -0.159687300601237 -0.411142888367906
23.1183309681596 9.12817465121873 21.3985729985198 -0.191948511161825 0.521334764122688 -0.831484036147251 -0.9756367555524 -0.193088559024832 0.104161078828037 0.0499958126674614 -0.0537109830669898 -0.362849954438091 0.357099291721309 -0.529277603455707 -0.20385119417161
21.6135633263429 -2.56904680434603 -4.90952025429562 0.740999406351702 -0.035056057003122 -0.670589877494538 0.250542222478274 -0.912090574072863 0.32452919454448 -0.341280032143228 -0.314361962325137 -0.0538664414032018 0.143405321132062 0.0343976236795482 0.150164617662178
7.1615609308189 14.32744374589 10.1592444064229 -0.99387226467188 0.00643045106399396 -0.110346735483462 0.020432339650663 -0.970413847367345 -0.240581281354938 0.197834147661538 0.659911629300893 -0.167375274010126 0.169438753720666 0.256538586267834 -0.501599385696004
11.9949588349638 -1.67354727124719 18.0945111902664 -0.803755221468727 0.318510644702092 0.502521989914469 -0.562435342590591 -0.682206035114297 -0.467184427081299 -0.234970077445626 0.159154331658817 -0.0212388356907516 0.324737666595187 0.664017533441378 -0.015580583676348
15.2110535777894 10.8827118082736 2.28942505367336 -0.418228218781324 0.370265713109729 0.829450624624466 -0.759241584569494 0.358775866288319 -0.542984294799036 -0.400750635123176 -0.347136566410725 -0.124139630531021 0.196142632651427 -0.228002899975316 -0.216388691359836
-6.21426422949394 4.24936859150306 8.13869756578501 0.41411183892875 0.87327096161094 0.256727455865246 0.512457406044054 0.00942102755795952 -0.858660887392794 -0.34032147450572 -0.940707029425762 -0.0616884674290775 0.144143514265369 -0.461351480678818 -0.571052201294496
15.57431562478 11.4008628914324 11.4858042412683 0.327229804707595 -0.266257979186206 0.90665715733078 -0.908423534390691 0.175529782668487 0.379415125068549 0.201619673251612 -0.370586604908973 -0.00136278931112448 0.262163217642027 -0.0962254883588649 -0.22707871835381
5.89745066817686 8.75032982204231 11.5005980941042 -0.427989014567716 0.817000646447308 0.386439126558549 0.231313818785835 -0.314316572699414 0.920705599434765 -0.208880270344292 0.421007281313302 -0.180754279040365 -0.301696603367927 0.240770944648813 -0.501356239691755
5.31638672442006 9.59295857952513 15.8209691831334 -0.195276764843161 -0.444210652961997 0.874381921139285 0.973003375530832 0.0240726455525783 0.229531629261435 0.101512522908933 0.338280479768152 -0.0433962533379407 -0.509695673507357 0.49149155908711 -0.562412862406455
13.7241589200478 13.6093323694796 18.1793271247354 0.87802174084751 -0.476785887213993 0.041867380980022 -0.470606188977573 -0.875951072034439 -0.106016000565003 0.165025642067731 -0.24128754515035 -0.430587912370945 -0.0922169563306792 -0.668436906840555 -0.190739703103047
15.2956892627031 26.9478003950943 23.6751043896552 0.2920584403008 0.504447894386215 0.812547883597815 0.540035529093157 -0.788171622374583 0.295206706747445 -0.0121041649534648 0.482274257555492 -0.0272141273605829 -0.359522491336719 -0.00596991728225523 -0.568232921727207
6.467542444132 -2.31458167847764 20.5227152287881 -0.120845173895121 -0.402179033962667 0.907550706559351 -0.893951161894436 -0.353379725389016 -0.275633689290084 -0.240574733555477 0.109876054444668 -0.46828357808148 -0.238651385101983 0.277103231109939 0.307148044763631
17.1400334294947 28.9381201730137 15.2746589900477 0.618711042201299 -0.782680385937622 0.0678812157000244 -0.759752654122523 -0.618091824583056 -0.201837228147824 0.237537793388049 0.202166231521632 0.0249758812897136 -0.0763752810362682 0.0348048439295425 -0.319832409114157
15.8553625338915 -3.82741568497579 9.65012572740005 -0.847252124539088 -0.219305428957195 -0.483806618692276 -0.529588285039558 0.278042972136123 0.801391370302003 0.101046181180263 0.0103001443238266 0.200402661808756 -0.10826024298284 -0.218336388842567 -0.149801915391897
11.5315602298334 11.6277157609931 -9.59439154044029 0.810473503244124 0.0499435257187701 -0.583642172572774 0.449302565088078 0.586281797748985 0.674092522584092 -0.102901576670733 0.579904144224767 0.000342751621638967 0.0197639604083142 0.0576168986765063 0.304229323382761
21.6651790690577 4.96414102226401 -6.90881163778445 0.907348112289617 0.384036462778063 0.170983141768241 -0.346758265457176 0.913674526177621 -0.212031552218251 -0.0411302928903 -0.176243738024922 0.0649442957982467 0.243455261143843 0.117660439842282 0.157611680239984
17.9048841360777 22.9560215847568 2.20318789382959 0.0359756402414604 -0.436282286000491 0.899090271285935 -0.773560285296583 0.557435028112172 0.301447380487791 0.0800183612069765 0.0112495249347321 0.362850537384676 -0.124015682235445 -0.0139196138735792 0.565025474371424
3.27631356693958 6.11843736663641 -3.37819398045932 0.542602911596919 0.0915146642958529 -0.834989180328299 -0.83951124032777 0.0255511116724393 -0.542741097392737 0.00521975711510727 0.0802286583492974 -0.276528971388504 -0.433471095738769 -0.272239613811109 -0.0244131925934545
21.459930244015 4.64503911494013 21.1138271579285 -0.746035607789225 0.607092450148706 0.273622848283925 0.663237441919 0.640670422979151 0.386855767497411 -0.429455042272023 0.433645122356725 0.418933669929707 -0.466418556665546 0.337097750514077 -0.113101998913357
10.3954745432961 17.7132205044698 3.53863197242517 0.157584112990702 0.250349836837974 -0.955244515756698 0.95887041279849 0.192466867352089 0.208623856984349 -0.100660233179159 0.45572467457126 -0.0635904209552972 0.134908284428568 0.229215073712869 -0.0784863648153186
22.1482268868795 9.71788685134171 7.60765403753324 0.0665938068393225 0.968381976166946 -0.240419310330968 -0.591061611150138 0.232413695118909 0.772418189248289 -0.575958169964219 -0.541704927011694 -0.118274948890904 -0.418999806870553 -0.0647696844055181 0.282415149357176
6.82197204441739 4.62094768530393 14.7888745546007 0.00371046719268118 -0.508507715774079 0.861049354573876 -0.444574891167041 0.770442901390826 0.456914326226229 -0.0013550430835091 -0.156472305956662 0.0219451307753304 -0.23231245112639 -0.0927866731130014 -0.278956964389724
26.3274338999986 10.8328821190171 3.56748297107084 0.42530325474854 0.836065297460412 0.346571550741704 0.854801339732052 -0.496892319971294 0.149708282972016 -0.132265832302304 -0.190920701789737 0.136216347103308 -0.174396757345225 -0.0502068062723682 0.104342532396761
