t = 154047
b = 20 20 20
E = -0.0500463208005003 -0.331764370935104 0.281718050134604
1.79785875558137 6.61903234218455 7.42403578614165 0.727003232468698 0.683675733903249 0.0636707382382843 -0.430007131883564 0.525619877217325 -0.734042149580404 -0.00519678200009614 0.336795315361249 0.0798857733228249 -0.423779320477294 -0.0365359090514834 0.33581241534945
1.2790346308062 5.54308014356705 6.53462592797707 -0.428578780547081 -0.873645840357943 -0.230354831417779 0.40761180751775 0.0405750474794081 -0.912253492324157 -0.01504831474938 0.0598119211580851 -0.0483107333631972 0.150141141846715 0.45518217191535 -0.461092215062454
1.34699662580437 5.30069267831671 6.88374940992509 0.564884499029395 0.208140960659211 -0.798487950740976 0.699523422465252 0.392482418497176 0.597180645487253 -0.0389859573749613 0.301777116630451 0.512897298157973 0.090490396563823 -0.0921460980353692 -0.203415670651613
1.80200371776691 5.27066963512432 7.10155450955576 -0.0167152260767952 0.792664661043475 -0.609428702967046 0.770649495381403 0.398552606878194 0.497247641656312 0.449257284098586 -0.0716025770742442 0.0046427864898963 0.412864576024519 0.237770545953391 -0.209227134985775
2.31624930690211 5.47550616442568 7.24521590097059 -0.54598358074148 0.805636887083238 -0.22989372509325 0.614054043810418 0.571486987309715 0.544371419642906 -0.191537886262947 0.238999608948162 -0.0101523410081591 0.0643438246331372 0.0219058959728165 0.14781185931433
2.59108575856314 5.85255650532924 7.16628254571995 -0.726922324177951 0.520897562598751 0.447492802159481 0.685288312869729 0.592295949458007 0.4237517242448 0.238360105187287 -0.00723941733635127 -0.447707502126152 0.0219276263797343 0.247011184649882 0.272616025999493
2.87370482120123 6.25555570751296 7.25474131613361 -0.495455973416968 -0.398097558708965 0.772037473769698 0.759933306161887 0.231855687696684 0.607243356116839 -0.130238719522998 -0.133948860712193 0.0861678112128919 0.247067194940381 0.383581344735899 0.120839133396078
2.96754786441324 6.57109239281589 7.5336050262503 0.08821481199418 -0.86662762217023 0.491095577885006 0.891495140089192 0.288622865999146 0.349189613782165 -0.314011049429549 -0.22098223047953 0.0323209420480015 -0.304507407495246 -0.0855016378529502 -0.579222021007586
3.3343002891304 6.63433650821515 7.91953490262922 0.0819524274252942 -0.992932990485606 -0.0858371333673481 0.935574108802844 0.0469618979164263 0.349994059819196 0.185856679198112 -0.804119761467366 0.198301981152633 0.369808143003544 0.227556011692455 0.331489308105424
3.76819732108048 6.48021785707917 8.23836024361957 0.10432734454781 -0.675395604495404 -0.730038791463163 0.981011357537534 -0.050790872022401 0.18718220930911 -0.262876071196695 0.257849080969148 -0.0660302405794193 -0.203036639679531 0.00985531402757863 -0.347538428347674
4.80159766017003 7.27897761810832 8.19030593918391 0.505283219979701 0.00672069148407927 0.862927536324834 0.752723594194802 -0.492452631420239 -0.436918437920945 0.0530720278711628 -0.0913007996458147 0.43026466416749 0.343562472856956 0.305983837224268 -0.133143442331444
5.25526910548396 7.36607172709968 8.09687767953718 -0.0290240802360106 -0.786141126413327 0.61736514976526 0.761533814867914 -0.417456086732118 -0.495778842028126 0.210989861338632 -0.238496868497226 0.0144289563433639 0.343012913392465 0.286669195689137 -0.37582472748146
5.7407154531746 7.3043557023627 7.98249387729126 -0.385728141954362 -0.844951081024507 0.370501648512792 0.863338719623917 -0.47218162667986 -0.178019007601545 -0.338446887077127 0.140976227106499 0.345020707795438 0.067940803777354 -0.0135405532890441 0.276562119732953
5.74213479121844 6.88543583800898 6.99921909213947 0.943411043861195 0.313677328126693 -0.107620880963556 0.129668232568485 -0.050227316438844 0.990284527772883 0.329045430331261 -0.363806493137565 0.260138722529255 -0.0994377076689424 0.159043798580265 -0.405454917724183
6.00131506641375 6.70335343372274 7.3952033689901 0.417524374784871 0.906772665127292 -0.0586240799191075 0.0316692070427725 0.049956046118265 0.998249213622645 -0.682067983170135 -0.265483062935283 -0.0927367205412916 0.0287226475534729 -0.067347867638799 -0.316719357714054
6.22567107866676 6.69643249203128 7.85478529407957 -0.400662114049045 0.905934547955976 -0.136939917588846 -0.146138627266546 0.0843594057863715 0.985660728345848 -0.142008735354144 0.0554192791103197 0.155112584165808 -0.0380674950131236 0.107005689141692 0.128611857124716
7.23539126575708 -14.8395024684267 -10.5133928349282 -0.242679979833352 0.970106184026509 -0.000700511483419453 0.689630523876801 0.172008746278947 -0.703436437993051 0.346070665646661 0.109088486523288 -0.555510600936445 -0.198655358528787 -0.0273627063423267 0.0364638367637141
7.04994619889149 -14.5730591651746 -9.90006399558331 -0.374752605804109 -0.14987867644715 -0.914930085318539 -0.924783942813352 -0.00965477231803943 0.380370325749152 0.392809168436086 -0.0937641328922229 0.46745836669555 0.322822049308951 -0.250550719978702 -0.123224264299124
6.60301670890875 -14.3171706791635 -9.93070132533002 -0.159074612258791 -0.875908310380585 -0.455499832955988 -0.941877928084648 -0.0036417450908339 0.3359358174601 -0.306551065859286 0.858761991061901 -0.250582199908793 0.460191834318233 0.476237316877701 -0.43250724602629
6.10255943308591 -14.3258141117293 -10.0401225403381 0.0691011658725849 -0.95339616979871 0.293702013046946 -0.966322218552726 0.00918583015266209 0.257171323405676 -0.323487707258474 0.162857327373345 -0.070545206547568 0.372972071316437 -0.0452813320422774 -0.24400988588296
5.61041504287857 -14.5355800526903 -10.0556409951197 0.396099838884732 -0.524702945992478 0.753519600347539 -0.917457772386558 -0.19300868292672 0.347877712586171 -0.325146974205004 0.151050507041944 -0.172202195537969 -0.121700061189186 0.4254602996795 -0.166705138754068
4.9836084697431 -13.5270347170073 -10.3535402946106 0.116052772894351 0.783534653871135 -0.610414064613507 -0.965495601282171 0.233241696162091 0.115830440274165 -0.0493336585293518 0.00168250212943377 -0.350620089666035 0.228656090052441 -0.04159431232653 -0.21155643190573
4.68468509290128 -13.2405001402035 -10.1200045302482 -0.180863828333043 0.122787719067132 -0.975813215973254 -0.923698802469438 0.319510211505376 0.211408935456326 0.0771752870477267 0.172650097477468 -0.135607573168886 -0.04851653945838 -0.00446591305794057 -0.075603157875962
4.39209731404943 -12.8561356820708 -10.0428643304499 -0.407471772184811 -0.528917001476081 -0.744455257162223 -0.905158440221689 0.341980993880871 0.252462358441358 0.169359892856774 -0.0667988815506557 -0.0237774778737214 -0.400298179870659 -0.56243042156442 -0.347854791394444
4.07250225255867 -12.499805710042 -10.1985148285136 -0.485829916800767 -0.795615747650089 -0.361890756035091 -0.838929478257089 0.540653246850406 -0.0623812638889174 0.225660981708644 0.136260510234015 0.146803354897924 -0.028121760540639 -0.111696393276364 0.113921428626343
3.70318636675835 -12.1953338930581 -10.5065878622084 -0.43657933295361 -0.890679773189274 0.126839143319256 -0.899317122507295 0.428125846609646 -0.0890910772845948 -0.021384749941127 -0.331908059383534 -0.592162104666576 0.156469233813977 -0.0543478911979258 -0.168621730883557
3.32295089350262 -12.2473158307796 -10.7665674208052 -0.350029010290963 -0.714044368283476 0.606317148846827 -0.928758759513887 0.180234622138384 -0.323917924602117 0.0873774394066003 -0.41226310630525 -0.446926065588712 -0.177247187850766 -0.0593152890869384 -0.261297264460283
2.83795773034032 -12.4052202228762 -10.9748244787272 -0.251353906114915 -0.196997959676964 0.947635506289441 -0.96767884478824 0.0718505747336121 -0.241733707014996 0.22802052032896 0.0246719848365992 -0.366885171500788 -0.211373621519686 0.0736721821319327 -0.0779852316888312
2.40861018651369 -12.7547005895567 -10.9491237378284 -0.0644965323838359 0.515554505867247 0.854426061063209 -0.988210349619826 0.0861402601716479 -0.126571706194587 -0.196043990063091 0.0246590971439595 0.175827331101437 0.128511899534906 -0.054586520602191 -0.0172232760284436
1.83904309806622 -12.7880703778033 -10.8169953476781 0.262241657128472 0.809243195194318 0.52569464262363 -0.957318075825311 0.286773010633733 0.0361037690706833 0.0281271794375 0.0114653106615076 0.165949373788363 0.228097401380478 -0.200906859401688 0.0488502605650284
1.4217741025445 -12.7243701596033 -10.515378777204 0.388439966013068 0.915220129963568 -0.107175819800326 -0.889224507340453 0.402802499573318 0.216864437968672 -0.15902625784191 -0.70188227458822 0.24543542086335 -0.128108885462232 0.104653655913496 -0.245038149882816
1.12184949758279 -12.4249768678029 -10.1339680032923 0.26149368561212 0.726984921807325 -0.634912591110951 -0.796379490423621 0.53416513998396 0.283632413200528 0.0437916029839083 0.119850819406352 -0.54008345145325 -0.11565240174958 -0.115580586604629 0.361228744986747
1.47617552553531 -11.6089606253011 -10.9387197104713 -0.344981191553821 -0.579466397122786 0.738381224218869 0.868655129791948 -0.495115677022669 0.0172902658745501 -0.5129195865274 -0.0197483519915336 -0.218005814315222 0.146430312628169 0.286489630108167 0.342875418364793
1.90802774278633 -11.642897847303 -10.6740435541435 -0.453007662989889 -0.885912458903044 0.0997161676919447 0.89104589558625 -0.446336378624738 0.0825910192607418 -0.269685955249821 0.392870329949625 -0.389588295038828 0.262498696910523 -0.0891322729972479 0.543330694634729
2.19233534008152 -11.7835430282644 -10.2643640900738 -0.325928836789222 -0.819079979921166 -0.472100045602019 0.789849176044379 -0.51034185265161 0.340131689476448 -0.0835514734078606 -0.475881287137703 0.518716773933125 -0.446089440622448 -0.142945353954997 -0.264023421633716
2.35765362696518 -12.1218127033624 -9.95639143835593 0.0284259727918206 -0.437113626721708 -0.898957056326559 0.81453003335481 -0.511170011427792 0.274310343566334 0.0559976869728193 0.216717675998716 0.155094657685949 0.737783969619145 -0.31188813531457 0.191296818461758
2.63820467738232 -12.5417221289646 -9.82298182578254 0.136877087393116 0.0690094350855714 -0.988181393544727 0.851663816603198 -0.517662883218765 0.081816609528602 -0.264682679555098 0.488756344434803 -0.0966511170006231 -0.103933687443993 -0.218944530422161 0.448905234255287
2.87453535516412 -12.9628330655037 -9.94555290046247 0.367087505664865 0.581156473188539 -0.726294749987937 0.799796010013744 -0.595870589524985 -0.0725585982403048 0.890642540241987 0.276512074836563 0.295123686469866 -0.086917029405308 -0.224911257234586 0.559354904128324
3.18520289946838 -13.2679803091801 -10.2800658976015 0.361842357444277 0.877104047874275 -0.315846038209478 0.820762528148903 -0.460390693033038 -0.338215183656156 -0.36531405801168 -0.0173372087959823 0.060420872260752 -0.355680180701207 0.0286362817070169 -0.268095968968346
3.47133140719711 -13.4230375023097 -10.6699347859192 0.499306835036616 0.75258812833135 0.429306339788021 0.863776719159312 -0.471092121141577 -0.178779657460248 -1.07593165759232 -0.122560955291074 -0.679815956037282 -0.141368569767555 -0.21927900450237 0.000181559703672187
4.00704163464131 -13.4712878145246 -10.9470922235024 0.196527081192578 0.450309081804826 0.870975817422285 0.946212158322568 -0.319954271758578 -0.0480816900945826 0.109208663692113 0.0229554783814215 -0.0545920331935178 -0.680287926397232 -0.0023621166944755 -0.192897099857855
4.41629714658609 -13.3028499916587 -11.0947338846401 0.143328356713523 -0.273290124621679 0.951193774226269 0.974136667455728 -0.130686824460696 -0.184333451429121 0.154468523520684 0.32628039359171 -0.00758172855322591 0.364741831448892 0.107958749204549 -0.118295258665426
25.6685540231711 29.0782128809688 18.3791984424736 0.494606146744521 -0.786129658564475 0.370627874556169 -0.839055393870022 -0.32071691212135 0.439462046589349 0.123946443492234 -0.216042481891424 0.290301932081459 -0.260163748217752 0.133285130504621 -0.133875061153865
23.5623014827425 22.4022392309461 6.78577944678938 0.656190681230277 -0.752882729133023 0.0508071305359168 -0.397884659927531 -0.402422490533361 -0.824465832304515 0.202614337580233 0.298597733273723 0.473192396212628 0.351550689302797 0.0372045737490094 0.0150004033849889
-1.75512074571779 -33.3978983589245 6.50218216392336 0.639316810744208 0.219292012146067 0.737011056813025 0.163174525981436 0.897952637257218 -0.408724021996896 0.512512135033767 0.0581009278685043 0.164107334360946 0.300461552564639 -0.047236119048207 -0.167990256371537
15.788999164934 -4.82821491353694 -27.0948328856098 0.632180199104221 0.154485684221376 0.75926439167629 0.751979380317919 0.113853305776863 -0.649279989964305 -0.230202134152827 -0.217584585096234 -0.39991880246277 -0.150784084445666 0.356581990536239 -0.144950182173605
44.2388668695074 -1.70019665501184 -19.6549288479349 -0.470632125866899 -0.83096984680383 0.296638771729653 -0.569358458011365 0.542851924111184 0.61736767889828 -0.0180139342601017 -0.445443644880232 -0.182248019973917 0.0846751287147763 -0.072750936668441 -0.113528652909264
14.7333074240874 2.42783974981245 17.8468385932894 -0.1392574088411 0.94991317886501 0.279772105160611 -0.124613567220462 -0.297089258676352 0.946683480677445 0.482760323108321 0.119423443430832 0.0343505192899759 -0.368045566198943 0.0812674257374072 -0.0911988072006681
45.2226355179445 16.1641987523074 11.8529140855873 0.465162124727433 -0.238490340004751 -0.852494373303878 0.447610718917853 0.894208990477271 -0.00592220947850481 0.709513934488066 0.185670325556479 -0.145404120149876 0.192840048249337 -0.550202648743844 0.26357061126261
9.8727975413563 2.54799846173338 -15.7750560558284 -0.35266186396166 0.926877731764144 -0.128558940828109 -0.602192336309086 -0.119642711333558 0.789335246262891 -0.0785295246115535 0.258392723623849 -0.030085184860936 0.234859349550764 0.229873321037157 -0.0938040042475986
15.1148283277343 13.929369174276 7.87081881769351 0.240766708650049 0.969359584799795 -0.048717413729144 -0.970505635308299 0.239810240366245 -0.0246953271872474 -0.0332812538079159 0.253365588994406 -0.181822846759931 0.102248659357558 -0.35042371112071 0.481330965153925
16.6864774528096 29.732158530386 38.6056131940739 -0.0978955131275838 0.554125849972892 0.826656611407809 0.644116126313605 0.668480148465102 -0.371818317395501 -0.208734956844207 -0.153056539682364 0.07327927769269 -0.0716192654485049 0.306234958820586 -0.326544750109708
23.5624328176624 23.0810000228271 12.1763635527871 0.99161312261478 -0.114309369494637 0.0603056515450761 0.0929812827179412 0.955067088502794 0.281427282043228 -0.0361657995885381 0.248475465028195 0.0761136110632074 -0.173584329598647 0.205789100789156 0.115447377732943
22.3428470070953 39.4381260124558 -9.35814968774569 -0.579724337120648 -0.5740558157569 0.578255648911094 -0.791709029104012 0.564647760785319 -0.233173105856977 0.434327333877199 0.0111118313942081 -0.522247969560865 -0.312246902011981 0.622188749780588 -0.261662956494326
28.5380141269387 10.3373135172731 11.25366795664 0.974807659384159 -0.108709138149448 -0.194762447263976 -0.0718752556905357 0.673512456258349 -0.735673161031626 -0.349328806313029 0.153332465941733 -0.252643592642176 -0.444971502601747 -0.45421648065347 -0.137646979357287
24.4796936941429 -9.65402460231703 31.2614168148052 0.488322605421749 0.847915570907482 0.206349886686057 -0.87252172334221 0.47013913851286 0.132947891759318 0.0585090522987745 -0.0705092267366317 0.186616800510348 -0.100058834815455 -0.438613319054865 -0.0804663411918087
12.6617986290563 -8.95665014609029 30.894809865791 -0.451727543819958 -0.365120433408238 0.814020556539462 -0.451300960159249 -0.693551937752309 -0.561527621999921 -0.039578657508771 -0.0123506913161125 -0.310305371971835 -0.0336794603090038 -0.235118311652221 0.00164879821170528
34.3918598908064 -2.80809931118633 -1.91637720952369 -0.64447680100084 -0.536493767248438 -0.544815664595738 0.577179691077019 -0.808681589821786 0.113568148473194 0.0266519612612092 -0.100931195235961 -0.354768362937194 0.29629010359496 0.0945160299477185 0.306746206172695
16.5036260080086 7.68116142798779 -5.13387742182019 0.804426722640619 0.413806834719687 -0.426217897874852 -0.245258096054158 0.884818360106611 0.396162888853218 0.0244738347152308 -0.647549535240442 -0.545514782792718 -0.183833960383758 0.05637698417047 0.141999527105185
3.647749501497 11.0132029695515 1.86316161448196 -0.788736446976564 0.369126621874407 0.491569305627943 -0.533496219726271 -0.0137412272570957 -0.845690841190311 -0.0992127752293163 0.230517037670049 0.617008672743016 0.0118772888511629 0.190472311509569 -0.302984905117755
27.3997095006881 13.7521106166425 3.14522999979848 0.403336484415246 0.91489993950425 0.0166712337503209 -0.0739506509340181 0.0507498536019467 -0.995969833471596 0.208242002105751 -0.0388802140327242 0.337992945773318 0.49835094284342 -0.367313316270428 -0.259903874243876
13.9037033153312 4.46820358861194 14.3679280433119 -0.418324602637065 -0.204095718187286 -0.885070345329423 -0.504483664032003 -0.758098872376952 0.41325829552212 0.351999365212521 -0.0252508561089041 0.000269035299642942 -0.448206562058235 0.0623039229167112 0.166286997829969
9.22645052348573 -1.24674070070582 41.0671295576578 0.355234056339313 0.934622144240345 -0.0170357894931802 0.156428716981337 -0.0414687128913427 0.986818326509803 -0.500786624714206 -0.116027607183164 -0.546823653245563 -0.037212291628628 -0.00735732400785407 -0.27696643697763
64.3780980056041 -15.7392314331932 16.3594299102504 -0.187147307422379 -0.981824507875808 -0.0315706425814389 0.941245227461856 -0.188424654890067 0.280274233503281 -0.0667055988233108 -0.103640823306427 0.270039543530721 -0.416914551861477 0.309951661385781 -0.126680430093871
32.6068490116529 -3.24866425529699 30.0924607187746 -0.79876633371101 0.0713888269078009 -0.597391021656279 -0.568786529844417 -0.413238342631806 0.711137109657591 0.111970760944982 -0.384286234564684 -0.177937237005479 -0.624314531466843 -0.150513302013673 -0.181913888445336
-5.08137699527633 3.26160101598627 10.0217915067018 0.0432125410879245 0.577611607416619 0.815167219638979 0.135609742333178 0.804986766862502 -0.577586716396638 -0.183546034597053 -0.443396672356616 0.232576214828142 0.0478735282803268 -0.548995197181395 0.0232338250744371
28.2664924511517 -21.2555422713828 31.164725708157 -0.252528088538261 -0.947659204232217 -0.195375706246037 -0.914829376737976 0.299606176135516 -0.27078310509955 0.503581816377843 -0.0214554630003134 0.339794282115882 -0.142737198386078 -0.515126425159819 -0.240842646332333
9.31489727914507 1.14776157491988 16.5136622309909 0.0816458905698684 0.96479077468268 -0.250025678563101 -0.867404805568571 0.192336109634714 0.458929066400221 -0.344931641292327 -0.259220179420039 0.50168496880837 -0.359849031233952 -0.350100915875331 0.0379510943725605
38.8208640199669 2.34625218726665 33.7139496410424 -0.251735159698086 -0.316633987979854 0.914533943590102 0.697504191723441 0.595722680564722 0.398249161636888 -0.181239456929793 0.0504778596543549 -0.0391940533686433 0.108401326128015 0.274128022834616 -0.072073880388368
13.7988558577104 -15.7356448652068 24.0712648117273 -0.579719138571761 0.584589689439673 -0.567609522287831 -0.186536002150795 0.582893940745212 0.790846981764466 0.0168751914466353 0.605198769615547 -0.209355812673064 0.124451131715761 0.224252154600985 -0.517792702942516
1.05451454866076 31.1543065013208 -25.7834579311233 0.985655867504788 -0.0101146511160618 -0.168464579209574 -0.135695888684986 0.546012502290954 -0.826714645278599 0.214750664484952 0.129916582668609 0.16986272191874 0.0363220679765888 -0.356614146417232 0.136191785401989
28.9654301748366 14.4805917771338 12.1922303561725 0.399974457186742 0.905013982569655 -0.144811567923152 0.529603750468571 -0.0992649693454193 0.842417051377768 -0.02614011932955 -0.212383020948547 0.0632245935624284 0.24538632851809 0.310067893198864 0.346889180003237
54.8579178496738 9.05527589980523 3.01195143817057 -0.338685253580801 0.757188254932855 -0.558532295851392 -0.938008863067677 -0.225221508539417 0.263466731769966 0.0401974774356267 -0.101452926264914 0.318771116322301 0.44217355361348 0.0707891917531445 0.0923717245706393
44.3198169680249 13.2837112368056 -4.57813340558234 -0.471534152665758 -0.814506745022569 -0.337985656975825 -0.161087569875839 0.45637877509414 -0.875082400432904 0.772757880445627 0.184150009105456 0.118667699842588 0.0783238416540896 0.274468381639847 -0.0899834655442584
8.55371916761107 3.34175076428896 -8.11798541212644 -0.553032461237557 0.752696163098061 0.357216498554136 0.734694195085755 0.642770287216981 -0.216958080179336 0.407408255609362 0.000467070063744453 0.566940862399315 -0.0559320566086084 0.496227574007814 -0.258651151799513
16.5013585314998 16.2776647684469 23.8525415704002 0.165274827770101 -0.243431908676438 0.955732856122523 0.0798413093076208 -0.962576638366444 -0.258982071912019 0.118963371500657 -0.114516572819923 -0.153148023675201 0.623860310578159 0.0170577154224935 0.544483505785837
35.1929774205488 19.7387760441141 12.44765427471 0.722613792157131 0.23181683605599 0.651222135680483 0.652221090682531 -0.540737707966549 -0.531234779961505 0.0833750073658426 0.216438141564448 0.259925396161797 -0.71674935837649 -0.495394626992437 0.118037475561313
11.3255909471575 10.1498675300191 25.0343550503041 -0.271329240143492 -0.873755298888848 -0.403648784560702 0.897948885471041 -0.0788159471752367 -0.432985031326214 0.508947101877679 -0.210619992124293 0.322960422594786 -0.0531296294853022 -0.387660718193408 0.33535196649517
7.20973200760188 16.2878143243381 8.10203887942514 -0.95471121553615 -0.274367639978156 0.11510385816905 -0.293442228056886 0.932206853736937 -0.211853827416315 -0.549692207434012 0.528013234932522 -0.0852777593463086 -0.245726221775147 0.155654227756758 -0.066499890675556
34.3720903314039 13.1693264801455 -1.57252211085996 0.143928329958545 0.73649521646891 -0.660953599902264 -0.476316420487556 0.637007030652708 0.606089808165559 -0.389967971950981 0.620145868130014 0.149261560762544 0.195965627887371 -0.0127259127632205 0.266195482443574
12.4707398255691 6.66953487877765 -1.10635112629551 -0.037916460267774 -0.689000566814245 -0.72376837605045 -0.978502992910788 -0.121331912629715 0.166764842945879 0.0840837301643642 -0.0289889356102494 -0.233118690511433 0.584851310762286 0.050211545773085 -0.382067518049033
-2.85827177419586 11.1691704367764 12.5717038419645 -0.236436507577608 0.842767073321034 -0.483571683242329 -0.76538645552167 -0.468130741555469 -0.441630237861301 -0.274006597880866 0.0747652213838762 0.266248900223773 -0.0747571896960765 -0.278873997585065 0.119041266023311
19.2137037401275 5.04794628344781 -22.4327057856437 0.856111370075191 0.510314771304127 -0.0815615276331189 0.126675831915592 -0.0542117537443211 0.990461719729061 0.961642487907541 -0.0709923634141392 0.196090473074986 0.0740910929777763 -0.56905286405414 0.783468882179894
-1.05818754162494 -0.589167402437295 20.5775990665244 0.508837711282222 -0.796526176962781 -0.326542806947569 0.820989542719381 0.563108399528497 -0.0942606860059944 0.291143958146459 -0.334770823610337 0.154969895253242 0.10010994055986 0.321595396270944 -0.277357320590693
28.434964074784 31.3483039628076 16.45047730463 -0.418699123422207 0.829644261681778 -0.369298703936233 -0.773308615455344 -0.538933489133739 -0.333982850569014 0.0328084021642413 -0.209032020382851 0.0472486210429604 -0.0678985064114241 0.0343577115424509 -0.354840812660434
26.0299369814448 -12.7827303811215 -6.31624421402809 0.875076014538444 -0.375375088462591 0.3055087676988 0.393325393167753 0.183739741788697 -0.900852332558974 0.171835353211111 0.374866682845905 0.510792589480278 -0.845413390606767 -0.0337836732211842 -0.316473745637809
27.1175877495344 23.3327332470907 -0.512901559435668 0.272125596087171 0.306261468843054 -0.912223467774981 0.54652175257642 0.731069076080313 0.408475356888055 -0.0124668698563813 -0.0208682985952974 0.0306514304116981 -0.323915056140369 -0.257326723925626 0.317720219292129
30.7236157634964 -21.9194341082684 5.48430871763812 -0.502329229130344 0.773324048410451 -0.386827304091294 0.864086832512966 0.465470973807259 -0.191548527696483 -0.0819575502138283 -0.158141948183371 0.691413639030499 -0.00156800624333851 -0.676789371081547 -0.00829901713699228
40.9406479627487 35.3378963160779 0.441878789777476 -0.931239235918903 -0.0256983389338715 0.36350132103058 -0.339217427341823 -0.303306067831734 -0.890470135869723 -0.579327216176368 -0.102708693051839 -0.348004636962829 0.292359214834036 0.00736986899938469 0.355678008411474
31.53812547227 -1.29116104242708 13.9528184240949 0.560454296720944 -0.128854854277683 -0.818099930371217 0.323608809778095 0.943362240577865 0.0731098884379239 0.710201646337346 -0.202967186776034 0.146493169923457 0.283360485266037 0.435996559004519 -0.287980097634761
17.606498024585 12.0139184144332 21.885864856929 -0.269422873972758 -0.909187747598802 -0.317472783343681 0.447859492740546 -0.410137036949873 0.794486942959546 0.321745952186408 0.260465031085608 0.173670007554092 -0.0354008972383107 0.265881843177181 -0.431994212790307
37.1327845683683 2.52993204379149 26.0449259023356 0.0934691871180922 0.507491143152667 0.856572424356315 0.537532116698447 0.698452243450812 -0.472465619507225 -0.245220930719949 -0.0571960894579458 0.608605537193806 0.288692922163994 0.398604012261824 0.0351043602777336
20.6069523097326 -7.88487312902842 25.096752389376 -0.444683035543036 -0.516356866911273 -0.731869226800534 -0.0874758335324244 -0.78816012544252 0.609222104314797 0.29750249435816 0.722840022405613 -0.0687674528225903 0.399497560405092 -0.0203469101875023 -0.306139962909112
3.85352625317185 14.0175279205717 -11.6730175540307 -0.894729410743426 -0.266876137718294 -0.358101176301456 0.314963491560598 -0.945529769299994 -0.08228896163609 -0.380879617240187 -0.211948694225111 -0.0289615623284375 0.20945592664089 -0.0884702250037538 0.370745912508707
38.8060268107924 17.7600610907827 -26.0280089708083 0.880691400678607 0.270005227978538 -0.389204131915804 0.194648518179976 0.542787795631118 0.817002681255751 0.479224437491744 0.114779261157818 -0.0791579018719269 -0.116518513549286 -0.145329796320837 -0.558186681960101
23.5206066230581 -3.48795810505732 -16.004578499213 -0.46022096888678 -0.8465736142971 0.267413288568506 -0.0542172553889688 -0.273845282391238 -0.960244424072887 0.190087838717757 -0.185994742162383 -0.335561260091584 -0.515488967829861 0.134260041730445 0.0262419934425612
31.3096009608297 22.5309106326839 20.3908399965299 0.744430405100443 0.666647959944103 -0.0374686975608369 -0.60789221536886 0.653468079034538 -0.451050505561418 -0.238433946949016 0.102465030350173 0.639678640808785 0.366008513872157 -0.0507119006170801 0.2443919801076
51.4879647991768 9.02880635779507 -5.50592935057005 0.666730086940117 0.0277797685721053 -0.744781469841403 0.745249080898163 -0.0132460232843775 0.666654667513122 0.273261810955623 -0.0563592395170896 -0.273693675184391 0.11048073451673 -0.156008555312211 0.0481794361726329
17.0633486778658 10.577630076512 6.38196707596483 -0.220460942836099 -0.431468620859205 -0.874775360662849 -0.790448925131743 -0.446423701412216 0.419400131092383 0.335377183100862 -0.220798847896862 0.290944065574877 -0.371475719063241 -0.176413091777429 0.319733382538815
37.2646921289112 -13.31504731819 10.9234876273592 -0.396125978399941 -0.180814886651209 -0.900216802096781 0.914549031647853 0.009601961342057 -0.404361260218327 0.317558111763783 -0.0389384427286441 -0.364103780646191 0.341134913899422 -0.280193749615546 0.223827226447538
7.24821610394469 -18.4226205314928 28.2910765304798 -0.480534664034723 0.833869363454447 -0.271566656342091 -0.763135137223358 -0.550178465464529 -0.339011078922644 0.117133872671142 -0.669165935760904 -0.0478416738293901 -0.521339889955907 -0.598398491837367 0.285634169052797
20.705702866443 19.304666116442 -13.7168686792851 0.530395029296083 -0.753896928354416 -0.387712118294867 0.787105131668747 0.607801444416 -0.105085749307928 -0.101555066774202 -0.341430583723418 -0.129181731567653 0.181902554493361 0.0405973317426219 -0.0211055235613127
31.5528293936389 11.6574887277459 21.3019954422687 0.372970544652406 0.870832918817111 0.320223525859684 0.529599119668928 -0.483188897100421 0.697175288550254 -0.846986811357468 0.175902112447388 -0.0546011445887571 0.03007789013313 -0.281333168700459 0.840960618327015
18.2206728943876 24.0274994084206 21.9097029570332 0.137730042650222 0.206459030165387 0.968713210759967 -0.417335920485931 0.899073297202608 -0.132280728582164 -0.127111197200279 0.00947772741119267 0.30815789770473 -0.147263994448749 0.38970639281804 -0.0710315532190813
19.4949211512447 15.4023586008216 27.6205503438391 -0.85748792892794 -0.0294940316648334 -0.513658190822622 -0.446206224372547 -0.454415497580458 0.770977794856876 -0.0947894921505076 -0.0627066152879222 0.132132744338472 -0.549067000854281 -0.0175262208605565 -0.511621157644909
12.3561027575167 26.4649231638975 -8.93933630666372 -0.832989022858842 -0.442000270890309 -0.332813974840292 0.370503057469818 -0.892344602353649 0.257776420482585 -0.350807551345595 -0.113230918007898 0.468833166580671 -0.261831469507112 -0.114437041925903 0.458620370611814
28.0818434844921 -3.19844708673071 35.6398369103885 0.0301260802846801 -0.00486356561997692 -0.99953433895664 -0.878164319086161 -0.477749690070406 -0.0241433603237474 0.393196556983463 0.254095081854379 -0.000116826597296503 -0.33547388451134 -0.357617548530282 -0.181491508414351
-6.08019696603238 7.45649811076012 6.94302080323997 -0.55877326691471 0.0415493262993632 -0.828279081340132 0.735888663045338 0.485378965883703 -0.472096653637901 -0.314424240751961 0.0386299355764347 0.4384345445046 -0.21732460723519 -0.177782760455421 0.306919202185242
31.0976177614622 13.8387539022657 7.01000044078069 -0.872914289319279 0.399788189776241 -0.279624933095153 -0.481771088748842 -0.615992461444701 0.62325754846185 0.14149491982263 -0.16758452206982 -0.162301211769888 0.0630621810582447 -0.0110055396465989 -0.132091797670127
42.2655303999783 -2.71442624391507 16.801089946975 0.473641139892041 -0.851372888369587 0.225451660585737 -0.605913770739645 -0.500774469557521 -0.618137239281578 0.246381728979885 0.233104842677627 -0.277186808110137 -0.153090661315366 -0.467886324048981 -0.532081413819772
29.9058962345689 -5.35370477255945 18.6260500260488 0.415286645861555 -0.757922481246812 -0.503081171104767 -0.590328077557493 0.19623403003628 -0.782946368959238 -0.173475351674997 -0.264672607591511 -0.278637936242451 0.681848104171069 0.450574523567139 0.0855087867034778
32.7768907532835 15.7715360901355 22.128405372898 0.310379676917608 -0.376535920143105 0.872860420178204 -0.857617293164772 0.285177463705834 0.427979674189909 -0.163321588356465 -0.126371365063684 -0.0341299841566014 0.0575519207230149 -0.508493013826323 -0.18946037601687
47.5480955612149 -8.11452963146044 27.1526949427251 0.866653074294039 -0.218165122081278 0.448683134738051 0.17372787357378 0.975003565840035 0.138516405806316 -0.265673911194437 -0.239042084669635 -0.381226939550372 0.130664016737569 -0.470540307184097 0.144835234257966
29.285334007325 -13.9933412525885 22.2736372807937 -0.391184205490088 -0.880438033391431 -0.267962439105935 0.83573529962485 -0.217916468924721 -0.50404264586511 -0.613345102247432 0.0580696750148134 0.374166218828988 0.580656284519646 -0.483374082669763 0.571225373029289
25.9535081945381 0.298266739064252 14.1450076683584 -0.349120090214672 0.455979183358799 -0.818656368762221 0.562161776570947 0.800873844350718 0.206337899606739 0.276539393214057 0.185695015462412 0.485412153659931 0.104780246991606 0.235680524027473 0.232102123226283
23.6277502729679 9.64235406197385 27.1786541851041 -0.20250341336155 0.208031763822021 0.956930126771064 -0.0904741531886799 -0.976970757227396 0.193242531657021 0.216265857087738 -0.0199466331798501 -0.0397251220527188 0.266883964305066 0.800876518609408 -0.0884353434248913
20.775362996717 -4.93066404753947 11.5765215640046 0.78771411128142 0.384085224320759 -0.481648360880446 0.00235187874954437 0.779963934959295 0.625820134263409 0.601388257406757 -0.61021777235032 -0.0439922718049933 0.282798296143364 0.0204698960910289 0.323294376318735
12.031154466181 -5.90806894130684 35.0410153701235 -0.348864058672753 0.597188399953093 0.722260302513947 0.755287953972741 0.635419454786427 -0.16056859197763 -0.184507546630708 0.67344254293657 0.300119728200584 0.143781148184602 -0.771748722900108 0.265752614744151
11.6603042495283 -18.7617978029866 8.5458382965597 0.453770859894095 0.789849609180734 0.412589097495613 -0.40651998220516 0.595498086501479 -0.692909623242426 -0.367042257373693 0.435236754924133 0.0749707299817113 0.180113677140744 0.255900011346503 -0.22633204332059
-0.848078722522848 -5.82246126923626 -3.53022964853592 0.651853567399423 0.0258074861946404 -0.757905584508948 -0.297582275487407 0.927962532789903 -0.224344143443316 0.299159248808212 0.0347231257161718 -0.525805751458672 0.111983123699677 0.267282740393094 0.10868168440564
23.7251436258219 26.4136158692886 40.7131927927881 -0.945422847214072 0.0534836633292963 0.321426992264198 -0.320905917445268 -0.323948600031375 -0.889986986177383 0.135537626342931 -0.432317146139874 -0.0478245163451042 -0.217213527497555 -0.0146582266267035 -0.14639051507828
0.0997229338868415 10.9465825799123 9.4411390398456 0.786893321184279 0.243628573494415 0.566960425075927 -0.218864642250016 0.969222760215077 -0.112719031362757 -0.449109789988428 0.452635470457459 -0.292198941102232 0.381800236236697 0.391223088499908 0.723504370636504
29.4383460654163 5.46654572499439 35.3432514048874 0.982846675165991 0.0636825062957876 0.173080856913366 0.182155000418085 -0.18842187259181 -0.965047551415338 0.430008717084817 0.20009364876231 0.276999405792778 -0.111074924622538 0.298805499448762 0.0985001471169843
21.3579303432027 21.4382800719739 36.9469146656289 -0.200263038340943 -0.354950003187695 0.913184124530028 -0.977675526338444 0.0118920314054025 -0.209783751765158 0.231008680528022 0.0445570038532945 0.110828142224893 -0.764020322588716 0.0442703100323169 0.328755797170394
45.8824540107574 34.7798581836493 19.1956349205654 -0.640688666410403 -0.0088166095286866 -0.767750213623496 0.440400101653779 -0.823311043079894 -0.358059881255724 -0.664487481481616 -0.103274038446232 -0.0865165030405135 0.192927414729104 -0.251830252265715 -0.298107693613901
21.8573600738398 6.54261766410584 13.9552108505455 0.644329697362773 -0.356510164699115 -0.67656484262479 0.533294836810443 -0.424622266916033 0.731636997604926 -0.11588748786501 -0.627232371754142 0.0553739818927567 0.257423000938876 -0.213279900339452 0.427068012614963
40.2097117358861 23.7409377754958 9.09149207079743 0.792869091090253 0.511588711465688 0.331112723501716 0.387612055822214 -0.842644204397606 0.373774939578489 0.535334125318541 -0.209710853443369 -0.00788812644678516 -0.16039349629122 -0.0621127269238255 -0.197022181783777
34.94128070365 -1.08931627498758 -12.9458821248096 0.874428658651906 0.117443737042862 -0.470724452040861 -0.276359368826865 -0.676876215646273 -0.682249306466928 -0.237802209310705 0.186430354834711 -0.0818986865344032 -0.107944538287097 -0.0683960855918855 0.157272956159023
45.2187581479942 5.74842900115276 4.43690824863485 -0.418530612101594 -0.0911687125587037 -0.903615204621557 0.824819841870926 -0.454602177358922 -0.336168332692043 0.701798323714446 0.236816316225371 -0.136316726610768 -0.32002811177047 0.220628197780215 0.0203204305480425
22.6702927482605 -18.55502946524 -17.5764625935027 0.911504557178107 -0.151759952821308 0.382267552977088 -0.259553324826195 -0.93323536506188 0.24840276237087 0.0492669928472917 -0.0898862060340321 -0.00410043763804193 -0.409554439318634 -0.619507919539607 -0.518905769286057
29.599430774278 6.05522673009848 -13.2103151224389 -0.852301643652608 0.336150084245079 -0.400730709861043 -0.410501156052997 0.044908902314924 0.910753611067286 -0.0110698481890567 -0.571294423245191 0.110298226399368 -0.05267382109026 -0.493061061556379 0.440370216141875
-24.9976891059137 20.2714302017737 -17.6999764999556 -0.672742465669053 -0.138077462847339 0.726878424434783 -0.426119234862315 0.875442737646276 -0.2280843424797 0.243396519049095 0.19218726711551 -0.276848516455787 -0.0907750062412383 -0.179188478430422 -0.106894431798483
26.7017186126827 -0.306606143980653 4.1638817972176 0.124450941870466 0.0456338015208489 -0.991175882659925 -0.349667329525408 -0.932839524042731 -0.0868518481301837 -0.182620065860299 0.338878861477199 -0.0486690327842098 0.312889459970557 -0.490245027864654 0.193552834094876
38.1699938961184 -0.487240026425214 29.5315701969128 0.411742154812296 0.854046769965977 -0.317919002652103 0.758211715819482 -0.127516183931496 0.639417390458928 0.0134996055434384 0.230577328326251 -0.934973630564454 0.172388701059379 0.43234731065666 -0.0684818443830377
40.8736049049012 -12.4959141692979 3.43867037527075 0.944860231216889 -0.261824816143424 0.196690186543687 0.312503114935853 0.54137666291602 -0.78054679069313 -0.195142046104559 0.232533401846157 0.354636321235472 -0.175664514602287 0.328816033641203 0.172522761053361
26.9955374423826 -10.4774949447041 23.7031893647279 -0.0490117035649918 0.494825446421249 0.867609160675412 0.828648281687005 -0.464816073470467 0.311910352729235 0.249061138029906 -0.128671153121667 -0.0217710026661793 0.0787742128238701 0.309112940522998 0.0515750841402496
21.5895369000073 9.25788344138434 -1.66680614469911 -0.129363574873726 -0.775339936448919 0.618152914398346 0.698855264978446 -0.513540184270787 -0.497873252519957 -0.307338410865513 0.0138795496496694 -0.135537784469715 -0.186179667219711 0.130721944077899 -0.48398043060519
