t = 2863
b = 20 20 20
E = -0.00326288345096709 -0.319144532237155 0.315881648786188
-53.3545071260805 48.3866763094093 -195.178159878947 -0.670059163474275 -0.00879921292058732 -0.742255604446181 -0.6138948465913 -0.555581145149421 0.560769823030432 -0.0245402102299902 -0.578937429472924 -0.301711966550839 0.394361334021113 -0.0766347845793391 -0.552304031220676
-53.7734894209936 48.2895460722342 -194.882166901393 0.21977734402543 -0.512019903467447 -0.83038165166976 -0.321969056987328 -0.84156893964154 0.433702399353089 0.257709784135058 0.0368114374135858 -0.0569453397472466 -0.344291385236116 -0.690724259531603 -0.315542603851123
-54.1063810673229 47.903414888998 -194.873586192001 0.71600465387893 -0.422859955838981 -0.555451959848909 -0.290940815608331 -0.904027380638249 0.313190116763503 0.336089351968583 0.38499104977992 0.845056634542076 0.655146829018888 -0.0491139445900649 -0.176365115359324
-54.3570589209391 47.5365980634166 -195.024516838678 0.841078864972379 -0.365851825138813 0.398420625115205 -0.516523917934985 -0.76190302646636 0.390777355459245 -0.203126704224512 0.120522611816214 0.0365013886527963 0.126913809856123 0.188285444271739 -0.00589783666657539
-54.5867284779996 47.1278119222803 -194.979041690963 0.794137377695219 -0.0444965924121725 0.606107257343577 -0.372655820676025 -0.823472655689667 0.42780901126012 -0.495148530415124 -0.00730823800742035 -0.319073513020534 -0.859292524660575 -0.180471898656761 0.428263284065665
-54.5981684487126 46.6609609260888 -195.026599353841 0.248630279402763 0.240978179243681 0.938143192309001 -0.358186178819077 -0.877023706777253 0.32020647049442 -0.684014930112199 -0.159010387357847 -0.386545232471092 0.0337006091986048 -0.879330695089579 0.584021211966082
-55.7291479911464 47.4759610744776 -195.330906329249 0.476108687839358 0.765667386405626 0.432520516053861 0.237683907735692 0.361494011674944 -0.901569984617275 -0.151515576185511 0.205825765585242 -0.0732461344071751 0.141292885019418 -0.298290904429474 0.236365617196335
-55.4641026935185 47.9006954411916 -195.581303424247 -0.0774520872171624 0.967130171457973 -0.242199462551356 -0.529422522728651 -0.245745119347965 -0.811986094926687 0.062787670955166 -0.197567393278565 0.119988350968411 0.124062777215275 -0.665804536301985 0.226912497033413
-55.8672010952424 48.0871945415835 -195.756817319188 0.604818788402549 0.259877956547252 -0.752766767353696 -0.694766303187532 -0.289802431506101 -0.658266317515447 0.172769347695244 0.116624245161128 0.21276745306351 -0.448565289272197 0.358430189604714 0.251601048237556
-56.0592204697337 48.2396213556202 -196.209978922464 0.554100304197838 -0.574470697368679 -0.602458649285969 -0.793511717675026 -0.145743244029842 -0.590845296909937 -0.586683424832446 -0.0473755803824445 -0.134610923832516 0.0589306726896309 -0.55442801000971 -0.585143439861214
-56.2389459634527 48.2651752862643 -196.623215737683 -0.0363930507577579 -0.979159498628506 0.199805745277624 -0.834946415329363 -0.0800717765662945 -0.544475102157646 -0.308538097794518 0.529589793869539 0.121212752164432 -0.209040037254218 -0.393100927068496 0.0706324720583379
-56.0128629263203 49.2044130927169 -196.287923679658 -0.821152853642269 0.568688826357948 -0.0479699965166835 0.505677875489794 0.763975991565761 0.400787515698474 0.553585146995876 0.0258660353109559 0.0338077097237758 0.0312405368284688 -0.875101401599438 0.487500654946411
-55.7942299828883 49.6600565797897 -196.362709182153 -0.703676631127738 0.0858349432038495 0.705316745735792 0.542027097268667 0.706678659773738 0.454766046890128 0.099412197152429 0.419556089837339 0.151562675986071 0.310551408410298 0.0547341835648616 0.512688869468344
-55.8025157452262 50.1335142928028 -196.298451667846 0.020777197260652 -0.515956033697609 0.856363145826831 0.695182909798463 0.623046268938186 0.358516688407153 -0.0323503556289042 -0.323128812708418 -0.0144490517795129 -0.453926543671856 -0.346809351136353 0.00943239707359372
-55.6831663631218 50.5139306484445 -195.937159134442 0.501170488686252 -0.829138080735958 0.247706003593093 0.767164867734692 0.558149807234866 0.316112161137978 -0.161322862402305 -0.154963370132392 -0.0959481054770551 -0.210701674810441 0.0537613817298728 -0.773857956580181
-54.7994393168961 50.9783138535792 -197.065953658341 0.747350555900844 0.663663209272361 0.0319109067265815 0.655378131213728 -0.744219044675535 0.128909478732301 0.469785601528854 0.499150427730808 0.386028356948085 0.0757347420644181 0.756575453299465 -0.174324105280795
-75.7221436092963 -71.8062269523405 -214.991559246724 0.513459674432347 -0.258005674701725 0.818408442306977 -0.442745257529659 -0.896634181244683 -0.00489350100825601 0.168024543921419 -0.43707394419114 0.127577093876139 -0.119547975465814 -0.324269759997368 -0.213614107886668
-76.5427446599379 -71.0030662206603 -214.281816809294 -0.137079720592174 0.643282820167203 0.753257272245701 -0.233711683732618 0.717963430643947 -0.655673313564951 0.481368286761442 0.0615593269387056 -0.105418976214518 0.00841205927139872 -0.391024832005697 0.167398425882252
-75.6851468761029 -70.476322177107 -215.314527269994 -0.336833980797276 0.316776006766009 -0.886676882367008 -0.827936678713291 0.34882193675764 0.439140380064556 0.551172638159737 0.185624585457173 0.044105014774082 -0.12067292007961 0.39316649379154 -0.124535469929047
-75.9557134427386 -70.2019232106341 -215.165518699086 -0.550307782324992 -0.55495484124707 -0.623848163266172 -0.831779503967105 0.299195379214386 0.467573480377545 -0.162351605014089 -0.0961459770277499 0.415311855237043 -0.0415577291019143 0.180778056056645 -0.0562875125178835
-76.3750016763517 -69.9577441104919 -215.190082280203 -0.416690434794841 -0.898090952992487 -0.140718539585077 -0.907304735034019 0.401294867559434 0.125540860117702 -0.358055641472855 -0.00657170787036912 0.291372726446381 0.540470213682585 0.343902741778637 0.472564233183547
-76.9250815499192 -69.8018968131358 -215.255691249886 -0.157204934347221 -0.714406339344878 0.681843348508246 -0.896304633416198 0.39309529836836 0.205217611918386 0.126435082142659 0.419968619744122 0.0627754759703193 -0.121990801253556 0.0239284391017883 0.309546992917965
-77.4052871998061 -69.9205172481635 -215.242352338899 0.20707576827138 -0.102272281367245 0.972964607829664 -0.948888218809548 0.221129258762057 0.225195381080533 0.000206798304028978 -0.00857229284213429 0.498533795101314 0.262700106323158 -0.45595264861634 0.48998314904687
-77.779197242905 -70.2095609179321 -215.091457837498 0.13374156584005 0.524711212384976 0.84070886004539 -0.948121289146812 -0.179136397495484 0.262633263216418 -0.329417864993668 -0.337005327026279 -0.10155251711743 0.0258945527375593 -0.492661155529678 -0.398499409712251
-77.9709930024014 -70.4616218168622 -214.682669207211 0.0927440672272338 0.815263477900395 0.571615257375326 -0.688833351414866 -0.362000422064941 0.628063938895484 0.251138348214477 -0.890228330828618 -0.246800157360624 -0.144622066792966 0.113141397664966 -0.069508049863445
-78.0480912424263 -70.5839578556366 -214.213629709345 -0.40495756051264 0.914249077354147 0.0125701542606766 -0.545912947657483 -0.252789512736288 0.798796923647235 -0.00574512993138302 -0.464791520163377 0.0613824300846433 -0.116923081507595 -0.273280977643475 -0.122814202726993
-78.2762081611525 -70.5308123387794 -213.70109245106 -0.516320041063919 0.69453766532544 -0.501030010709335 -0.755832817229705 -0.0944932326869535 0.647910338500927 0.540291553510293 0.160497194114166 0.115513251240861 -0.0769074035835073 -0.317051652892781 0.0679199922198907
-78.5894722793711 -70.2831875564364 -213.344632042627 -0.611199365222907 0.161410265804418 -0.774843328136257 -0.773204332076041 0.0873776572757545 0.6281084789579 -1.01102729671502 -0.0156219397692955 -0.19274172835744 -0.117686518195746 -0.560211130237666 0.703156184611296
-78.9575723651336 -69.9190457088789 -213.145049839471 -0.51969779075229 -0.501423109292599 -0.691729176185617 -0.805944984902555 0.0190722318297046 0.591683273160338 -0.519579036048826 -0.275298414624082 0.493129003402738 0.155429586579779 -0.0651635754538133 -0.460941279780445
-79.4742011396801 -69.7003688056124 -213.098628288333 -0.176942281858906 -0.941016133234884 -0.288409592482273 -0.819609851453526 -0.0213574843468697 0.572523865455073 -0.0989932281984221 -0.303841105811797 -0.0172988428380058 -0.00975653978383206 0.0947664198236795 -0.451793803012855
-79.9763764358052 -69.7161394493973 -213.039071853469 0.124748110328523 -0.992025917386451 0.0179589784627076 -0.851146462519415 -0.0976954681170367 0.51575705373853 -0.184050508513052 0.0466458228698144 -0.00702359292393263 -0.0630838493685767 0.366206262256962 -0.540231658306638
-80.6641120089323 -69.9183075657164 -212.966187395238 0.511121006817103 -0.829019060180806 0.226898107708321 -0.668806539532098 -0.217796915032361 0.710818084684474 0.170664786318852 0.00219202097774901 -0.105073643637771 0.0700949433928011 0.091925185874222 0.0349209249893843
-80.0314296234255 -70.8143385554042 -212.59621744413 -0.522969737195609 0.729204579476664 -0.441320156008044 0.677578456186799 0.0415554125883571 -0.734275638496635 0.104505333170621 -0.119420907468962 0.0728322990596775 -0.475542173315574 -0.963868942574615 -0.342067105055284
-79.8053755530183 -70.8600021250658 -213.018976695502 -0.205432325056296 0.977827719447184 0.0406280652017798 0.564459548053307 0.152296144996623 -0.811289966631504 0.434042131590948 0.237792832766958 -0.249801479173297 -0.24391295240896 -0.186129064355454 -0.316053097677248
-79.7910695891992 -70.7678462100804 -213.541122951752 0.314619450235829 0.831063741351454 0.458636750590998 0.628126826822503 0.179976544309464 -0.75701074718737 -0.0762143384246982 0.717854912038947 -0.0846769442480391 -0.700566149754778 0.23626003043709 0.329582037381775
-79.622901602696 -70.4705619048607 -214.002163110129 0.551368165588122 0.432485056455098 0.713407252883624 0.714044579306489 0.197583438500629 -0.671640689346301 -0.253533688078168 -0.761534771715472 0.162950476579401 0.00572132964745643 0.354626455002086 -0.243838117898934
-79.3344306888092 -70.0967125841031 -214.217246430324 0.678934835116872 -0.249790149640544 0.690400252269219 0.733269520243679 0.183405646294949 -0.654735183262071 -0.335651330510571 -0.360816150083485 0.0965280203592756 0.311669706320216 0.185878633564376 -0.252783830765989
-78.9958013211243 -69.7963079147253 -214.285460437547 0.645508484032574 -0.691751619350199 0.323726231733412 0.750703251098563 0.496644682438742 -0.435647671559026 -0.307935869763879 -0.543304847086853 -0.460699560971906 0.283645028561487 -0.043104387456573 -0.468025635905524
-78.56563958637 -69.4968551801481 -214.206243009054 0.476459595937598 -0.878613838896025 0.0320009291453393 0.850138868110106 0.451126910323251 -0.271566738547301 1.00628143725009 -0.208754222254109 0.380160096717717 0.0772471698499709 -0.402132572090742 -0.0569536157111691
-78.0436537309934 -69.4916642756637 -214.075543951142 0.11943731222213 -0.841820472439106 -0.526377281158086 0.956001416123894 0.240594741492731 -0.167855536125469 -0.246082865683083 -0.430033706809018 0.374698487358934 -0.456788442171211 0.480589518560364 0.363024078899266
-77.4505596971522 -69.5580201751229 -214.125024097107 -0.328634280601357 -0.616064446398289 -0.715866031550618 0.943553673891508 -0.181012938721515 -0.277382135169989 -0.275198192194381 -0.203103439156834 0.475426937820625 -0.471883993498886 -0.551715043596772 -0.0197168435046354
-77.1212761307695 -69.9598018105347 -214.051074624209 -0.264469487497856 -0.0113425664212095 -0.96432739951277 0.922993140352605 -0.292812034788325 -0.249689335053159 -0.175282585775747 -0.526848781406879 0.147995878914343 0.83817335119284 -0.287357514310492 0.212283626969092
-157.659048822251 -140.182940027054 190.27418265547 0.963557153713982 0.266918357308039 0.0176700442132774 -0.0500726576825727 0.244858254002725 -0.968265040084841 0.194285617389539 -0.394613248148453 -0.0162513975365216 -0.157424612774268 -0.313085814541238 0.496785487392359
-204.900480176377 168.534814809321 -259.575668914789 -0.293293481385209 0.6487334370425 -0.702227929541756 0.927197691489463 0.0140116735293747 -0.374310355184847 0.0132429291733494 0.40017379139195 0.0121762815456676 -0.172469697092115 -0.0193450943788676 -0.71636123365563
-174.124384983616 203.037128573984 -62.6293985318327 0.609437906416407 0.788455755742681 -0.0832049536476787 -0.154990882080651 0.221402367780025 0.962787059006553 0.39336989506043 -0.189763035549807 -0.40377826573856 -0.0506996575659234 0.0458389546164454 -0.427727903944171
-189.956757997298 144.46927455553 -308.953245617712 -0.401273828457632 -0.472217016931674 -0.784850646942208 0.284560602202005 0.750193999363666 -0.596853744222801 0.131967803684718 -0.212070473183112 -0.287438603506829 0.250252234637831 0.156803660617111 0.210999614413143
-78.8088397728042 -184.387704626384 -148.30903451007 0.982529728604813 -0.00550788912972686 -0.186024380238404 -0.1796765998979 0.232387404115635 -0.955883088582997 -0.0693476244633448 -0.114779927913711 0.637201818846114 0.0460572798274167 0.220503189760459 -0.0309986264592679
-303.79820159578 -9.95386369098786 -292.538847114944 0.421392946430656 -0.513483813546234 0.747504128130542 -0.528414373941529 0.530857400037548 0.662547192945771 0.379190185010064 0.02602978543588 0.378950559663519 0.727194394856253 0.586174477875541 0.731722038122518
-244.794991224683 -37.3895911573348 -433.542321321744 -0.814539697574204 -0.219018439936899 0.537174216422404 -0.142948446920933 -0.82165619823785 -0.551767082981591 -0.110299905214226 -0.205510326381711 -0.0593090226856035 0.446699977278464 0.472151424875383 -0.248332335743142
-233.28908974776 -190.879169032779 42.2148890147966 0.111593839033999 -0.117580936395182 -0.986773317392314 0.910690005623453 0.409520431676213 0.0541923937871089 0.152589197443444 -0.0936166286530215 -0.000902871912557297 -0.213481347791127 0.1188062950071 0.249119789662038
-157.115429923441 -295.811851223858 -108.758617930535 0.598253445215888 -0.58118341893488 -0.551650898817124 0.424532276606355 0.813766048364837 -0.396934774662983 -0.0236202330065625 0.0213747184445098 0.100228994603753 -0.0648993918795752 0.704051194081455 0.431190153567973
-145.5432416116 -212.105524697767 -155.56346412714 -0.999868966997957 0.0156678815706172 0.00408032163438552 0.00940334270217857 0.767129294567515 -0.641423644000044 -0.289962253666465 0.0820842664788977 0.109158256517065 -0.252234327617365 -0.0598676428276072 -0.160273105051462
8.6934309457643 -39.3619394113526 50.4872316532571 0.0736195888654549 -0.398354573778642 -0.914272337578181 0.965720614994649 0.257301901413942 -0.034345796030245 0.400272207192762 -0.112287259457018 0.504560722933584 -0.114873951838692 -0.219178434316272 0.125717984179563
-332.152509888595 311.232348584875 109.605551810581 -0.95399327429708 -0.0165331837186048 0.299371946227691 -0.254575617486656 0.572139315949547 -0.779646041151623 -0.385752352504075 0.275965783884978 -0.0309495859141592 -0.263757873817299 0.0123904017711678 -0.192394492935132
48.7548906325704 -32.7893436327229 187.954949136189 0.370684364021481 0.909844528232192 0.18648378549486 0.731529750847515 -0.409732809019148 0.544961836551737 -0.394855034285143 0.155831645188623 0.331142397091578 0.181189285060867 -0.187869972336175 -0.281046877543909
7.86930021318493 94.6991774547577 -363.674593401342 -0.0749707506267368 -0.294019587698583 0.95285460157779 -0.113235751816609 0.951873129323026 0.284807343244025 -0.0170544367821676 -0.254356116640623 0.119869577406074 -0.096866789831012 0.302508640169847 -0.421674980232245
-217.200413025793 -148.187236291928 -231.744092514209 -0.587867660868005 0.235201141665695 0.774010391185068 0.504389830704162 -0.641474251159691 0.578015428201293 0.0660595576908806 -0.217075843481978 0.270223699751898 0.294571196096524 0.306764508613151 -0.102347361635702
-190.538042356724 -357.689196731434 -254.374631172109 0.0971433833121601 0.714825921627117 0.692522330785183 -0.666212991856384 -0.470231509549304 0.578828724549911 -0.0373382900149371 0.313973980153157 -0.106503167775921 -0.630938121708536 -0.374296716137091 -0.0561160161315088
-48.2754689280102 -185.754144997469 -271.140925603582 -0.319298068252702 -0.304103703652787 -0.897535375002584 0.471004229506506 -0.872772397135868 0.128153813535684 0.247323690060202 -0.177125518484824 0.164182795514097 0.049799378320459 0.426338932175213 0.0329544454757206
-148.129276464668 308.090092888543 11.6078927867269 0.498436368772643 -0.584474539187484 0.640273988771694 0.773451164727502 -0.0337880614721958 -0.632954742265299 0.0668605203205784 0.651118408046305 0.0914441928547225 -0.403089359761406 0.761741934528391 0.0884166038815949
-194.526735718546 -2.37388775019888 -136.51262980248 0.303796010204469 0.0790825948797581 -0.949449376193882 0.724853226870636 0.627548416248 0.284202248836892 -0.185870302251002 -0.394870633735627 0.325268339298717 0.0698526031981645 0.0444228273311592 0.158160256478274
-621.368613612893 4.00207040705312 -446.406100421785 -0.572437896876064 -0.15925399462072 -0.804333964047804 0.346020372309985 -0.93624929150088 -0.0608873183015939 -0.607528050562666 0.0562219767641203 0.220108203676972 0.395655453283981 0.158609095550482 0.786682512118393
-276.207057489332 316.755605834779 -32.2946825913464 -0.310425437667341 -0.55433653969076 0.772235182657425 0.845859362511193 0.209617805442891 0.490491892998337 0.0757162494195605 -0.256597554094735 -0.441842097614081 0.120160578987752 0.257933230140631 0.297448072591983
32.0602011167822 270.121251288316 -312.450597157305 0.719738333795525 -0.522846113412439 0.45673716948312 0.693668677742594 0.514779741552201 -0.503811294061412 0.0823205067057265 -0.204316537059394 0.18894105124312 -0.382053956925512 -0.0167059054241509 0.037899933330494
-192.747021157145 49.9587075558893 73.5977038824302 0.272665713034896 0.72984305756684 0.626883214346478 0.0505722832498135 -0.66154364276023 0.748199498851474 0.225119535614416 -0.283647601595846 0.155869439035681 0.0780800869201519 0.169764735672975 0.431826329588467
153.199149444683 -27.5574874772561 -60.8348369621695 -0.129021026717696 -0.961568493739423 0.242362484840756 0.657092582456332 -0.265946967980579 -0.705338005633774 0.0494086720741622 0.387125765556609 0.132664408790764 0.00752496321583767 -0.316562543205999 -0.0697379186522769
-198.076028166231 -66.6138915823469 4.30476153126255 -0.439730551094858 -0.779283620503487 0.446490913410636 0.821453810994774 -0.147978635824666 0.550741400620802 -0.044280197669548 0.294734827345744 -0.00134592854443504 -0.252259730218336 0.248161397902911 -0.190248474172014
-120.836328793339 -148.046347790121 -68.8171126745328 -0.972290191683582 -0.156005876003384 0.174109330532124 0.173662856777726 -0.980575193725503 0.0911793918671042 0.101090559508072 0.338161961749834 -0.167852102481287 0.193486202469915 -0.406749605304904 0.379119128926494
-102.519004862821 300.794908483584 -410.541219897142 -0.54171401999425 0.544880440907932 -0.640040124359378 0.391341244084257 -0.510396495392874 -0.765733353956876 -0.527080344219888 -0.475679103194304 0.451081336460722 -0.0412624029081632 0.276016401316352 -0.434352589398307
106.059734716446 147.454137767611 -101.663681131645 -0.147675342482931 0.829310870564815 0.538920679986731 0.244569477031476 0.558592529049238 -0.792565609155174 0.447158988459745 -0.367228161384591 0.195001509316704 0.0930571313700341 0.00547918897619001 0.101672474731416
103.579748464243 113.451179179622 -224.721207572864 -0.13492651789092 -0.850237923468071 -0.508812789328167 -0.446451024231902 -0.406263485068696 0.797265103181262 -0.142645734635442 -0.0196833315981011 0.184452846270585 0.160056121841774 0.0462761565278613 0.449610025201582
-110.774173151234 -59.0324801254647 295.225570873593 0.393113466221961 -0.00341006563998304 0.919483732898335 -0.713506409138448 0.629621229264373 0.307385596404037 -0.214760006042286 -0.207509492040602 -0.216845318000045 0.136141653245057 -0.152447642263093 -0.24053227459688
-284.605046813078 41.3480466248829 -265.672373844842 0.0629799866329101 -0.831003207788931 0.552690953281416 0.185616889860625 0.553881278591536 0.811641517380761 -0.45442750563246 -0.128465220000049 -0.141310041135976 0.0970215900759051 -0.35049866323578 -0.00557373327618598
-133.089077095626 61.1625479128799 -358.456839396434 0.257307398181952 -0.441862079544465 -0.859389834230561 0.543887613882327 0.801315307951192 -0.249158799009801 0.0400353160778059 0.35683692838827 -0.156579346508207 0.0718270210010671 0.422495504246138 0.74119839553878
159.310073397263 -431.819463452617 59.4228772550266 -0.554329911596532 0.60909280141027 0.56720760034517 0.80119417444153 0.205947734975471 0.561848351304755 0.141390111154415 0.276359340387149 -0.00335818239737165 -0.674017920196435 -0.713831658377771 0.122856187481925
40.1482825929999 101.522104328826 -242.982137765351 0.733524906985907 -0.560107214354104 -0.384995238425874 0.335198765945356 0.790896567165147 -0.511981093451039 -0.379492201082585 -0.111659486288825 -0.250031155426296 0.299524290220889 0.353461272429507 0.447942306282159
-106.017698884093 -222.376384497218 -209.373007845301 0.950518468808674 -0.25961742686692 0.170626987391224 0.29332007024803 0.569002207447283 -0.768244710081385 0.318725811690899 -0.280779730539202 0.0996444372483611 0.252556292397701 -0.123742187377421 0.235046326730152
-147.18619836743 141.11640242898 -156.800051681635 0.934294563467213 0.3562611734474 0.0131033531178475 -0.347534198417751 0.918368979935267 -0.189257622922728 0.387733763012314 -0.332298568985438 0.126482313249898 0.176239099849467 -0.289509919173892 -0.00273306521846807
371.343293546831 -173.181416131955 -400.422134331219 -0.333460079820403 -0.424281199449041 -0.841896657393982 -0.0221933926903581 -0.889228470994535 0.45692488639972 0.123941355276182 -0.263895574023175 -0.838504506279459 -0.0347953092557699 0.0655104981871324 0.00469641505411202
-86.7638172261806 221.743630210408 290.733951044257 0.510643474248878 -0.396296038153069 -0.763015521460083 -0.59387693405822 0.47915545110173 -0.646312881585557 0.27651025828457 0.205724716907833 -0.268082334342025 -0.0453372129557138 0.576185607073668 0.663834242852533
-39.0103552720279 67.4763299923939 -196.535391112157 0.359916798677086 0.720093413514071 -0.593233167876616 -0.198231928778175 -0.562304419742815 -0.802818757913845 -0.15196250162129 -0.283986972014132 0.0440530144430552 -0.155221950417023 -0.259611547125737 0.448959922531197
-185.208054926804 113.562058401439 -588.103740266961 -0.0718549822210699 0.995085056347752 -0.0681379921771353 0.361980988680783 -0.0376403320530703 -0.931425323767755 0.00966565395102094 0.0743095389913005 0.180303386719208 -0.0742838473960978 0.00244242182377328 0.1447258591452
-82.8315515240825 -264.524248767567 -275.628520674054 0.991886327030778 -0.127060266783094 0.0041588949056525 0.0385625694710656 0.331886277686819 0.942530901393021 0.0258486842720207 0.00525844844573169 0.240573907550695 0.00713412738177861 0.0498348313026287 -0.104721486389473
-0.213094100839385 -32.2680296113638 131.273619411441 0.186525884451122 0.835400569988982 -0.517024214099822 -0.681814471264013 -0.268824564515702 -0.680339944771485 -0.147491455382304 0.621942499976638 0.16394219842517 0.152332459293388 -0.252835456924355 0.487700572854853
75.0679936226472 -40.047201391888 -381.39832758231 0.117676762121845 0.680954503217852 -0.722809262427362 0.856234406410995 0.299107052354292 0.421186057016445 0.345249323626076 -0.25440066677376 -0.289497352585496 0.176817474228855 0.252219798363291 -0.11734668058562
-119.699040724872 -303.145775168929 1.85348674392784 -0.282468284676219 -0.39641660625956 0.873536303700236 0.956463369639473 -0.186076456742647 0.224840971923241 -0.231004195168359 0.162434064729489 -0.0254379232621477 -0.151850321376882 0.0299333268635828 -0.0614082593818132
-64.207062062896 429.387116369575 -208.21704926945 -0.655549443851781 0.144089509177356 -0.741278232381694 -0.646299056783382 -0.614771041472859 0.452055626873513 -0.0551381851034033 0.0819609986929553 -0.48422102590863 -0.422617889659208 0.400363588427546 -0.0710084503310212
-324.245368298356 -28.336638885075 -196.235371895611 -0.854776824792795 -0.379821888345785 -0.353683586286268 0.168014234941922 -0.847291063656326 0.503854355543345 0.393343370660187 -0.733059053603646 -0.0455128044319033 0.0217228225561633 0.153084454131297 -0.428272458280578
102.909144608624 0.17204773509004 -79.0143146210797 0.284491435144798 0.114410103059446 0.951827209352575 0.603125526468305 0.750391991222354 -0.270465534497938 -0.0813151426916361 -0.630806351047865 0.081817171390903 0.657885567459791 -0.270701964194512 -0.331594057810599
-196.883010343517 -49.9662236723684 12.1739878611701 0.876271385931778 -0.427939378362878 0.221396507733518 0.333418659787026 0.206860274739404 -0.919804812477726 -0.0831595415694259 0.354500332612124 0.39310359710392 0.0840272780506379 0.369969358719398 0.014791411877554
-328.699541002336 -247.365883836675 -405.847750236295 -0.409505773317727 -0.838632044340856 0.359167716469149 -0.699970909354381 0.541312882062044 0.465855338217835 0.418162333088047 -0.707594999484857 0.462543430070814 0.133465541559482 0.603050079921718 0.0628128196887289
-126.624341922177 129.073285613439 -303.647975053325 0.137640630785964 0.611619601743344 0.779086968031527 -0.877833754115786 0.439644151268395 -0.190055020169327 -0.29068110618029 0.439426241285097 0.439921273176903 0.515421709366266 -0.359891567338486 -0.129235349869971
-156.876857826397 134.571118566688 -300.734604938241 0.363296996410099 0.0592591529246809 -0.929786920087305 -0.851883245155367 -0.382957846957665 -0.357265050762168 -0.494876330677398 0.0487543394710909 0.649481025306322 0.221390634104068 -0.337116147024072 0.0194074827600377
-293.591452177279 398.315546758324 -186.383788491191 -0.66370550175328 0.320039363998575 -0.676069497923592 0.729974271958693 0.474332173903707 -0.492083975265948 -0.24984396066482 0.357756649896869 0.148835725270925 -0.0349484064969307 0.0634988988032301 -0.78284959442268
-193.432733652489 144.045286341979 -146.827910637872 0.0234175816271498 0.809892754283663 0.586110398243913 -0.986475025609254 0.113856617414951 -0.117914284967408 -0.466098265825485 -0.234810867377929 -0.0494961420562775 -0.0164870885079785 0.443209369548356 0.397769394136937
-209.079585512448 -14.0425524379477 -476.358271182673 0.393603951791541 -0.594258484569125 0.701379241412851 -0.820665945672963 -0.570937449179064 -0.0231929749968828 -0.129542374531948 0.0738408228903658 0.230364333166313 0.179033546448432 0.524582875338766 -0.0352789713679345
-340.89638220325 104.687823516082 -271.622982989875 0.138700468740863 -0.405741755211727 0.903402405091844 0.121061697911273 -0.898431485605092 -0.422095973630039 0.211349065148665 0.290718880794061 -0.275923757268289 -0.189162980000107 0.0447281840661624 -0.0804568912977202
-371.319872773031 -123.194453916015 -193.039497648013 -0.284399565812057 -0.274787604811035 0.918481778576679 0.892022739197536 -0.426904054198319 0.148487383606906 -0.102063880419332 -0.171637997338369 -0.0728425099983432 0.201281879677698 0.0930181042051361 0.115320796649802
-287.299076879295 185.481767007436 -231.940582147709 0.803402927750078 0.443683170144153 -0.397100832142235 0.371864126656247 -0.894728756646263 -0.247341215387178 0.351152130182595 0.431522086930376 0.00165361908436306 0.109368397873474 -0.116775186527316 0.103094953518875
35.9589528535952 -103.426158275025 -25.1200900164579 -0.343412398165721 -0.814724288136159 0.467217623112416 -0.356868520997104 -0.346962613750767 -0.867330300030067 -0.187353393838922 0.48168501548761 -0.442437738833576 0.825903491831722 0.0340488594008377 -0.517718042044205
-200.010700881638 335.79914632814 -143.462766245445 0.298313373108137 -0.953948841170995 0.0314774754096352 0.273594748785838 0.0538687711055017 -0.960335457541725 0.231556933311881 -0.0759855089381518 0.145059307164707 0.340314364654208 -0.0837239604586343 0.199363478925714
-227.846324369117 177.162036340631 201.848592194871 0.0642964886651327 -0.88601181787847 -0.459182982285431 -0.824818319724191 -0.306190508828647 0.475312716480827 -0.392750048137392 0.21745038968821 0.414336648419261 0.353545936604483 -0.780026618962425 -0.024906398945427
323.189308434449 161.186322226152 -425.942572399808 0.171410063455666 0.507950232830075 -0.844159490983228 0.574486384353227 0.644554352618341 0.504495071973706 -0.270879523182802 -0.0407865911640231 0.655329450236064 -0.537317714332038 0.0659287831643946 -0.0495278832391037
179.817378803033 111.46047398709 -403.503123407534 -0.31421744016634 -0.936947578640566 0.152960100708567 -0.728699848167784 0.341306278080424 0.593722751160591 -0.613709088703142 0.0905732622387782 0.123488096310092 0.0934534442234846 -0.691068236851857 0.0218924765495237
-124.468906930773 104.144634123012 38.8441598733894 -0.399031579704039 -0.407631799340012 0.821346580296346 -0.913004792312606 0.093762188042791 -0.397027684941004 0.446520514285655 -0.0655475606533247 0.0305842212478857 0.156525142364428 -0.287198045957073 0.184901115109927
-303.306190384056 -100.01080469242 -437.620906701463 -0.915251628054586 -0.178957227327772 0.360955494710531 -0.378507697304585 0.075045540635308 -0.922550976043068 -0.538124872196582 0.15082852150533 0.402708399174993 -0.0348263698746516 -0.546606453149687 -0.348890633648467
-36.0172915669404 178.799649837217 -282.710988878163 0.367113090423143 -0.604126308171931 -0.707290273474716 0.388742049354161 -0.591148937274377 0.706698438456509 -0.248065608560324 -0.0425711663921303 -0.33566118798804 0.0511934124216402 -0.137915881223514 0.349949215849739
-230.933573278895 -153.513961042678 55.6909559754129 -0.870690824936454 -0.215213774722582 0.442245061045165 0.297623250628502 -0.946412018542147 0.125398630447277 0.333092366043414 -0.146818184176988 -0.157637177511919 -0.124528457480008 -0.368681152922374 0.224037316258767
287.833936527389 -82.3659550900442 -160.689283890132 0.336032350114836 -0.0821259987776887 -0.938263102719558 -0.854311673498139 -0.445982720185382 -0.266928958318567 -0.447809645620269 -0.392492244543465 -0.0856645810697318 0.00453537679414351 0.620753088978096 -0.215607693361768
-393.077660905806 91.5400628714074 -361.240217329872 0.950106939569481 -0.283230559694089 0.130680202876971 0.211739899863661 0.893257225177771 0.396557461509648 -0.307821260794739 0.214469621101938 0.199397199314532 0.582130765407372 -0.146905695402053 0.0413767379182898
-347.236356660289 -221.161926271437 -53.2715024421417 -0.709338423583502 -0.694600096402648 0.119874159713077 -0.648415971949119 0.576335062602635 -0.497387928224513 -0.375482265220429 0.256202020644398 0.514193226484929 -0.0657547900491148 0.0402679205129461 0.165797531431274
-28.1548613045636 197.568005664283 -202.563622746242 -0.758744286646218 0.581957541561574 0.292630826623005 -0.102384000360631 0.337111207425811 -0.935881252912793 -0.0769958789611335 -0.224421814831944 -0.148133355391871 0.193479123825555 -0.33093154035176 -0.187486549308637
-156.626184380909 5.19416750027866 -279.069097043942 0.825002544417994 -0.534647201919209 -0.183093531793358 0.0660702291343688 -0.230513479615242 0.97082350297414 0.0115419567440748 0.0970516551344594 -0.052791567280576 -0.551236329807879 -0.215098430449523 0.238665916572908
-168.49900292253 -149.519740491532 -216.691341072661 0.672778559281533 0.6188021874286 0.405527879231181 0.0545346797922266 -0.588113017586409 0.80693804137422 0.09916861641142 0.599638277757842 -0.384403894010329 -0.145640984179072 -0.303216032062425 -0.238664241364786
-230.34491178533 -244.148177356991 -67.8968399256491 -0.148467694253737 -0.0164159189434167 0.988781031588662 -0.849175659398327 0.514537185172614 -0.118963179353238 0.0949542501161483 -0.0616471545788155 0.244345531216182 0.0641978280009477 0.438019188388727 0.357115130191644
-416.798302927673 70.8012837029451 -118.947852324311 -0.266753925072621 0.905320157971568 0.330511481952349 -0.496846157716433 -0.423033734364674 0.757750867404117 -0.33670798915671 -0.370750044352099 -0.29403599492938 -0.167367381745945 -0.131526986791533 -0.0699228873199684
-87.5603518922162 -236.090966967641 -143.761524931129 0.714986176308734 -0.218459215566487 -0.664131339640599 -0.243946888885362 -0.968179364276505 0.0558460016224546 -0.305779164193483 -0.186630463526516 -0.167101256459913 0.125543891203835 0.604577212234477 0.439061509194802
-265.039275288581 125.369318705759 -107.569582503768 0.280476797928491 -0.67247556667294 -0.68491559159867 0.368510923493654 0.734315378812209 -0.57007077297942 -0.0652879526332132 0.426327679601779 0.0386995865417397 0.251124050795665 -0.446225716905937 -0.171769334229976
-93.5555264903162 592.884901206144 224.991744640269 -0.0393573437686645 0.529496212763993 -0.847398916264764 0.406328226530158 -0.766292123165528 -0.497688580448275 0.0127163100351818 -0.419644411101214 -0.363441648577937 -0.718888035205586 -0.185186094442643 -0.0811768843757032
5.90921240779528 -355.708915160513 88.4112030947127 0.12474522995234 0.953406905739654 0.274688929132677 -0.875535230896743 -0.0244680602842357 0.482534414350981 -0.123867340385132 -0.428628455290448 -0.325580924100115 0.166619332141731 0.112620112202079 0.397663133510418
-160.952535411838 -67.2102868883629 -39.4494588940974 0.960489131869519 -0.153064993576386 0.232447472965994 -0.145918424867508 0.434249710733842 0.888895439467883 0.0601686659059686 0.051492629224775 -0.0948767081599753 0.343981136827883 0.14343447575902 -0.143698376184666
-397.774257950655 -353.38226499903 -263.879546389531 -0.680342278431334 -0.328110400357822 -0.655345845423487 -0.567042094087133 -0.330856140373168 0.754319295155713 -0.148938779714606 0.274161349023506 0.165759657911135 0.190574159318719 -0.0360629335095507 -0.493418151263326
-94.2635514847093 -285.152534201931 31.0338528187694 -0.363328646255925 -0.846813550867254 -0.388457426785349 -0.750669185693831 0.0191327325595218 0.660401229161686 0.172497172439266 -0.183311338977164 -0.187069727943966 0.404061551356467 -0.134856054068036 0.0487593115792346
-263.760528180092 -43.6927643278487 40.3069130276401 0.00765613084459875 0.966538152550125 -0.256408856107625 -0.979772726287213 -0.0440256923439232 -0.19521085843592 -0.134690343721036 -0.0559499858801217 0.1678779099529 0.0884721459583314 -0.620546986666835 0.168319364281469
-358.113552675173 -116.493587431272 -95.4362543836088 -0.829778623456922 -0.537460943155695 0.15034361559314 -0.332830383582976 0.260321575135809 -0.906342486234717 0.800902216478235 -0.0557381701457929 -0.300334288898423 -0.11048743029984 0.0849472928260409 0.195601067735865
515.89031848955 -47.5739163245793 -264.166874803265 -0.869400885286869 -0.476103961992157 -0.132163151045902 0.493574294500956 -0.824398227320951 -0.277041439567398 -0.0437889772794859 -0.545200307491319 0.338024904425951 -0.469877732702223 0.334856816420079 0.259274500471981
-100.808284558178 -181.22069613934 -326.298075604649 -0.302496017654881 -0.625959226942662 0.718798554560711 0.927583137506092 -0.366825425395947 0.0709134217015574 0.117089264795089 -0.557976848987246 0.584052898945477 -0.214580154947669 0.0860306389538213 0.214112166257525
-175.81657614898 -171.981505378675 -192.070534904244 0.953541741076723 0.153270018546612 0.259357907277496 -0.138881501488045 -0.540326240027153 0.829915410802807 0.0499979133095733 0.136557675354547 0.0718444449382997 0.491348267597771 0.264885061803415 -0.266710822692414
-253.707301250809 -135.295332120845 24.1933598339207 -0.722938682237966 0.465866568790269 -0.510223547867493 0.370410522994027 0.884717940039874 0.282966988462034 -0.452234354107222 -0.172792889016579 -0.0778334540415331 -0.0673648417511256 -0.157665706666426 -0.24482483039249
209.724715391626 -257.21061980443 39.0761779847556 -0.231846917720568 -0.233635292621548 0.944278367213757 0.859485021649578 0.405408668319668 0.311334795989747 0.0527225311696352 0.204267531492454 0.267124927033558 -0.0237761692230363 -0.272207884839999 -0.403926036370595
249.509387926094 -65.9727376017804 -218.325890540156 0.917532222600855 -0.0305098617367412 -0.396489378111451 0.396207297972759 0.155328924098469 0.904926934847131 0.322889413191447 -0.195180093538733 -0.0787081744901154 -0.125819750002887 0.0545139710515869 -0.0357241589105484
-382.41175310367 387.649527492869 -464.805939060053 -0.764714967680122 -0.621902180260268 0.168667682471554 0.54914845355644 -0.76593179354449 -0.334341972420301 0.290137846251645 0.666155727178723 0.000626732624537565 0.319374919824796 -0.0455135426919151 0.637860961656251
160.778059215048 -80.9151685821936 -334.270315243836 0.954024975667344 0.156960385539907 0.255342787122882 0.290047127133086 -0.698227189530264 -0.654485718816692 -0.347402118166788 0.527349473965751 0.053848078532397 -0.221517967303938 -0.142569936694954 -0.938838560218192
-555.313043230306 -219.251703544052 -54.0272147140952 -0.139693658464801 0.988586452731757 0.0564147731288129 -0.871042904758116 -0.149780340228523 0.467814373372589 -0.406574692484884 -0.523598869440079 0.440283012618706 -0.45276575832849 -0.187378079827829 -0.101929551188892
-47.5972699093174 -125.737782322796 -35.266253892068 -0.999843476214358 -0.0109089015702155 0.0139342484025391 -0.0176721990120711 0.656808226476344 -0.753850730799557 -0.423111755629512 -0.0854401463107081 -0.432765279667272 0.311294272553125 0.18648483637141 -0.198186645731565
-442.438364772153 195.432388092286 69.5636402433282 0.379227159307973 -0.468815575934787 0.797746122319412 -0.742101189690091 0.360872880818008 0.564851013044414 0.388371834404094 0.0551812328539347 -0.624105995309246 0.00331552558422013 -0.521132717934753 -0.240460168220247
-42.3408770602326 -34.4940772406497 -117.954435881191 -0.100497386982937 0.898699578479274 0.426895046262443 0.938031389569063 0.228612461596585 -0.26044863396187 0.165710786672638 -0.204074982229628 -0.55415276156102 0.149913899592183 0.0880659244469578 0.0235647279563353
