t = 26699
b = 20 20 20
E = -0.0869059706857063 -0.38860604395538 0.301700073269674
-2.75825224750036 -54.6536014435018 -49.8204233970613 0.862974996301921 -0.380155595367972 0.33280014770308 -0.505246281571143 -0.64853995036667 0.569317294197032 -0.531713754762728 0.329148883299232 0.0495668273872321 -0.121460477852126 -0.113601036361297 -0.325099231381615
-2.8744700759924 -55.1229091679797 -49.7409710277112 0.452051806549914 0.487901298414992 0.746727270690241 -0.469163980327256 -0.58193959827743 0.664252606862504 -0.288407604762225 0.416836207827827 -0.232680049086689 0.298457842133991 -0.145726499187402 -0.418068060005224
-2.7865324602717 -55.3853650847942 -49.3470410073035 -0.488641912505801 0.780982755863555 0.388966803876972 -0.539205725268678 -0.620801644670396 0.569089312509116 -0.253777325156858 0.111554511321365 -0.0244502620336041 0.16409514523267 -0.570930674713898 -0.213767812963834
-3.02910183502202 -55.6692935356389 -48.9452558932787 -0.518684985756872 0.854518010754655 -0.0276588887866861 -0.550985234421744 -0.309356326896123 0.775057443384856 0.334722623496748 0.655264432935216 -0.0949776418205354 0.282394738265579 0.61482899872687 -0.417354596511114
-3.15128729886327 -55.6344644500688 -48.3770747727198 -0.664918015242271 0.528293638425753 -0.528005587431199 -0.672524020152424 -0.115903931945301 0.730943063817947 0.25406191664838 0.0605373010333728 0.0298451516884261 0.152895286194102 -0.336385803500603 0.553633053701507
-3.39041864689468 -55.5031736495832 -47.9526681027963 -0.68843739172536 -0.0553070586331727 -0.723184025701205 -0.725273629978125 0.0602820591211564 0.685816474807113 -0.292017906912783 -0.343033716589546 -0.0453700598182337 0.313043764422515 0.318292928523334 -0.294479214408601
-2.49613084894725 -55.1378766813047 -47.2264960256646 0.744090247002914 0.543778687014463 0.388116524434129 -0.185013408836223 0.72594672265788 -0.662398262046184 0.961656749523546 -0.852872740536483 0.202257347377675 0.641598715545132 -0.2594124862335 0.508050427692377
-2.5086140710385 -54.6815616951502 -47.5897557912429 0.795596935624549 0.237260122406732 0.557434572094756 0.101642103824521 0.854805154216822 -0.508897976211047 0.224607483960458 0.488937871709609 -0.0846912290319033 0.0171657857057828 -0.262532199178061 -0.340631138259944
-2.48551536504404 -54.160868982753 -47.6183274841608 0.963794461370494 -0.26176346281096 0.0507962029325277 0.241273751927717 0.775010223715379 -0.58407728092655 0.0462459008655113 -0.287984379583599 -0.582534936563062 -0.00714305127996171 -0.488450009557605 0.0301990468756046
-2.28320365541542 -53.6998540584102 -47.6057012831058 0.644334963614545 -0.542969313483369 -0.538532241979902 0.335083583189063 0.833452707621078 -0.43940384658662 0.251599424423813 -0.0966481601893122 -0.0670971431893989 -0.37656881157084 0.0325253939987839 0.531365280619495
-3.78671827997242 -53.394034399244 -47.3980357963936 -0.653121681697833 0.656496088138231 -0.377418992736932 -0.474940847112415 -0.743318494801254 -0.471072083467003 -0.614973729053575 0.512599145141412 -0.320905260266296 0.124367280790698 -0.376299286179945 0.033878695400204
-4.29364804429008 -53.6038415904276 -47.4991224311882 0.0562056485353492 0.668824816255659 -0.741292336504437 -0.621212018476384 -0.557821883523378 -0.550391155045077 -0.121353783847617 0.13353615819684 0.406485974846606 -0.126036157296356 -0.0711836482857076 0.295109700724476
-4.71977663406363 -53.6884671737687 -47.7443183978865 0.525839020056715 0.365201759737341 -0.768193417741249 -0.755209682524035 -0.215069082085792 -0.619196013595672 2.3619758044754e-05 -0.339127510972029 0.0838278926441766 -0.747378451045673 0.296509494474935 -0.974134245980974
-5.08245210649415 -53.6415987746617 -48.1988893717098 0.82501833581639 -0.0729238323454352 -0.560381143017717 -0.546300549833675 -0.356610798367123 -0.757881641256926 -0.552814408436841 0.690734092116344 0.234297068691038 0.718424671810923 0.245509798819232 -0.171393762848915
-5.28294284011039 -53.6702830790153 -48.6792382093524 0.85840285714773 -0.456861259189189 -0.233286165099598 -0.439988641644901 -0.421919139318185 -0.792713286668228 -0.0648129832866703 0.343763334480851 0.511136760053809 0.264934754734623 -0.25542898238055 -0.0841052000473779
-5.26710310937522 -53.5970072101636 -49.1499635538918 0.272227331107948 -0.949084054587676 0.158530336192563 -0.489595918959187 -0.278451589183035 -0.8262933612106 0.229799629373641 0.243900744176361 -0.258819470117617 -0.485535363405361 0.0797238776327596 -0.496076029134241
-4.6262652463836 45.4248634363332 -88.8929477212716 -0.504111854193604 0.705316125593015 -0.498397924273312 0.628935241987599 0.695308395744035 0.347831537487897 -0.231431810540496 -0.454912163869397 0.0612600938353634 0.396132474739376 0.34267850031814 0.200195393068989
-4.28388811574963 45.8196552997263 -88.9915185839363 -0.851064812669194 0.452412871208701 0.266479707918405 0.524451833528415 0.708023983666275 0.47291909451575 0.271289111973445 -0.392543934398118 -0.0292142631102972 -0.0101165898870794 0.171262281314579 -0.773945421022435
-4.0840063583852 46.2943695297835 -88.8528442563117 -0.862455787596533 -0.028105805469657 0.505351581947629 0.368375725520638 0.649847820315558 0.664828750400479 -0.104250408790991 0.395607263228256 0.0481905993256753 0.265137430122146 -0.384905345224311 0.24562807263977
-4.20717730966184 46.7522334800415 -88.69312999526 -0.261639359695902 -0.468505174832331 0.843829271049739 0.400051982521122 0.743003971222543 0.536566532716725 0.0300757064035033 0.0582037595677184 0.0847298398051952 0.485510959829152 -0.709966167722653 -0.243490722373614
-4.17749875939493 47.191258424402 -88.4005047951878 -0.137793816647448 -0.676336484505866 0.723589647261715 0.212376784659661 0.693390918355307 0.688552962387652 -0.215313092252319 0.314232839839887 0.00354060716125221 -0.23490419233731 -0.0848893305620032 -0.266810537131568
-4.34213228090515 47.4186670736988 -87.994157073532 0.459525231074936 -0.735845869088046 0.497360541844295 0.0348030685859711 0.574475246063238 0.817781764536572 -0.0797191631447702 -0.213432799822772 0.120552372443703 -0.380641797942743 0.222884064651083 -0.037488876611661
-4.50476233134274 47.6292485879795 -87.5306549059364 0.893462231504482 -0.424927137576888 0.145472334166144 0.158926612469175 0.602044445850569 0.782486306582582 -0.243461546524397 0.487607960145064 -0.0506394225719225 0.0834213794927834 -0.315019403339949 0.456616900992962
-4.47525799474584 47.9154195516122 -87.1218451323294 0.896650507003768 -0.442608265859127 -0.0107692609870815 0.256956862404627 0.500435606986787 0.826763295065729 -0.449243326537764 -0.0915392404075603 -0.11048494150065 0.909316640130804 0.0690541153098422 -0.337264503029982
-4.36414828068891 47.9506542338992 -86.6076770167942 0.798309922368034 0.140935732423994 -0.585524179639537 0.27137238467238 0.783757402989949 0.558642600809264 0.176611133777095 0.0558951984205136 0.380210123745142 -0.366664427434675 0.344156901512649 -0.0746677767004208
-4.02142220156346 47.9399790576765 -86.2256657259275 0.407631174394056 0.570423830915518 -0.713059280299858 0.313444676477025 0.646029316309582 0.695987495616778 -0.329544173460856 0.583725677306977 0.691273004617687 0.279600818585529 0.862197485126075 -0.196584873607801
-3.5566266812151 48.1962757473453 -85.9381801166815 -0.254856635464539 0.629265551924248 -0.734216052434857 0.249189368540895 0.776382945181742 0.578907873440484 0.510660467761015 -0.332795085488822 -0.115627219831198 0.188157459658371 -0.225888203459738 -0.120535056333067
-3.22554523566156 48.5589095712811 -85.7999302160946 -0.743566317901598 0.475229825977433 -0.470389003495828 0.252034132042605 0.850783264293969 0.4611363413582 -0.226122633565078 -0.484927200737698 0.191945484651648 -0.33857615770797 0.0436156416876942 -0.0424490626745927
-3.06065884214128 49.0779080221275 -85.8319528571695 -0.991066088112507 0.0783967472853719 0.107898208430765 0.125137243242129 0.826449533821217 0.548928006061324 -0.153998571870061 -0.33409126125301 0.119826066943703 0.201885473511271 0.243071201901821 -0.0761323668548869
-3.05838423203563 49.6851955744933 -85.9460016576493 -0.840520069139303 -0.191545416916207 0.506790384245579 0.12346607765782 0.843082241681864 0.523420143666365 0.198566806253912 0.0808988522292994 -0.306447245803101 0.492269892949081 -0.142056857121872 -0.0976699182923161
-3.15033109187356 50.1962120839889 -85.8702800423561 -0.526888199909186 -0.405986047429822 0.746702350576615 -0.0735247702916086 0.897019143433034 0.43583363342356 -0.786518711005684 0.105012889860546 -0.0558415796510534 0.154692876728719 0.510103341690691 0.717183007981097
-3.45693101800125 50.5632038404491 -85.7491242692224 0.00527657404075045 -0.564944852036276 0.825111816339397 -0.271724451989889 0.793267201184126 0.544878873849202 0.425004269374529 0.167606679752406 -0.0953727878995677 -0.465145448262148 -0.0988193100677861 0.13158248491862
-3.47685596435313 49.9474293499312 -84.7886221828506 -0.351134975672321 0.5631708810151 -0.748026038605069 -0.194032915304375 -0.825319841858518 -0.53028148918282 0.171953794872741 -0.000503778129281132 0.410304333494049 -0.0889173551279417 0.396699643002211 0.65811547513511
-3.8057937238803 49.640260596391 -84.9910584941528 0.392918382976275 0.499836358835192 -0.771867045934468 -0.266904116734712 -0.74125265041003 -0.61587878605295 -0.033273274608693 -0.128649631675891 -0.153412566785714 -0.218829973400425 0.436669363994565 -0.256904243429027
-4.13214127213292 49.5009934961012 -85.3968870789594 0.944347248768943 0.0544299107452136 -0.324416061358992 -0.151152083569693 -0.804136122374728 -0.574907192191961 0.0674285729067764 0.359331582879109 0.318129718159091 -0.384811109149034 -0.246081403745645 0.144046962563631
-4.24602591881871 49.3268920616439 -85.8704562008086 0.950453142746824 -0.295758713090452 0.095737844748141 -0.111436386987393 -0.611650249586484 -0.783240720615985 -0.369892774465456 0.0409890286231236 -0.301906105660109 0.0281690026989461 -0.407810798903701 0.183287946704172
-4.11825350193661 49.189663755302 -86.3951640593872 0.70132672654483 -0.581621023124094 0.412138104188331 -0.0399769706633975 -0.609344923960598 -0.791896861670166 -0.0808231770284475 0.137507998344178 -0.266630045438101 -0.322291594811699 -0.185149296788925 -0.181903876664754
-3.86512137692116 48.96742594507 -86.8178680299099 0.225790179220714 -0.647468389985363 0.727876039733084 -0.0461202614130584 -0.753437814101998 -0.655899687756691 0.148980549622641 -0.248355736769252 -0.21175275478121 0.0066565204377251 0.493514463697111 0.556092399256003
-3.55380645823971 48.611086101317 -87.1014075470456 -0.387224166800707 -0.50113417289677 0.773900642226124 -0.13844797346118 -0.798262193969191 -0.586182405152894 -0.412948383384296 -0.496643932927845 0.138387409033258 0.306495441776024 -0.481636801120249 0.520084041544921
-3.41086569124592 48.1009315165609 -87.32054163303 -0.776017708499419 -0.157842033146054 0.610641001193808 -0.251266143462842 -0.81066185010208 -0.528859879461118 0.0517618918254923 0.128848023179087 0.216007517040472 -0.165207913474667 -0.310766883246996 0.356367113893385
-3.37795911446699 47.5493743503734 -87.2914317760963 -0.961586484823056 0.170894823903756 0.214817395243123 -0.274388620263599 -0.620927835228155 -0.734274875617962 -0.0924381256608287 0.16031402084084 -0.0510513620606549 -0.25391707007889 0.215602420785124 0.18947959563447
-3.5052962896228 47.0625145278427 -87.3688307001433 -0.847939182520897 0.514469512754205 -0.127751410396535 -0.295090094275034 -0.658318364293598 -0.692487472758492 0.133957184139587 0.0534809828266215 0.0822854761381668 -0.132478207620969 -0.0887280499907953 0.192505370142887
80.1931143911196 -63.2732061248044 218.426923326999 -0.716136577318814 0.655953138570651 -0.238482852998838 0.324762903129474 0.0107219536980376 -0.945734749082766 -0.240309224426869 0.129665484619482 -0.029286026164226 0.0292890453711309 0.578516091824918 0.695901421919788
91.1955012524929 -16.17884737026 -18.3717048869859 -0.922096557959702 0.365911517864996 0.125884337908141 0.384151666570134 0.826489046662182 0.411513745422451 -0.0534774439519674 -0.163440739488355 -0.0657506393786473 -0.736154703332619 -0.249153877833148 0.291381214010693
170.178376321607 47.8240775981451 50.9272538956987 -0.671628674414883 0.199998494965253 0.713383195909025 0.648445945722958 0.624434244087519 0.43543065110711 -0.279210164702424 -0.581753942117438 -0.129825944729526 -0.10810448535049 -0.129132108654192 0.342305756197935
206.90850122853 30.6443592315632 24.6254699095771 -0.82807062653015 -0.486291571480067 0.278961553618885 0.475538294869553 -0.87280327592391 -0.109898954903537 -0.129366015274204 -0.54767516763902 -0.479739278362125 -0.637981542713122 -0.415419767669749 -0.204586768960237
148.521554267761 -70.7593698742029 198.784581958344 -0.464045130229828 -0.823219345141848 -0.327065921811003 -0.540612153053524 0.555686329673494 -0.631625930044509 -0.339534933756209 0.0141875615454578 -0.35875800851639 0.424900031818714 0.226087421623677 0.387365745976956
63.4037196143522 -178.708359797157 70.0909122545518 0.248990815952006 0.0448668532951995 0.967466106406568 -0.656744237517242 -0.726358567978466 0.202707550632549 0.0959928059733691 -0.651745263958818 -0.396878449504301 -0.32299061111317 -0.0305778645909778 0.214857265895539
54.2352604942671 45.4485309692446 88.6380811255156 -0.811466676208092 0.584289588660231 0.0112963531652516 -0.57898261842032 -0.806421519572469 0.12026482417632 -0.418635272099825 0.22287043627293 -0.534599936094207 -0.243263595897387 -0.20356813155788 -0.0937678869187298
38.899084434815 -23.55445537088 -54.5884608370905 -0.94778110812209 -0.307053609874773 -0.0861926753854006 0.295476851513356 -0.743722317667847 -0.599642082663599 -0.0116324474637178 -0.408541666965466 -0.273965269492019 -0.0515725937224752 0.387350029885778 -0.44211124934073
-1.8165385994621 -135.021056342797 77.4493115470537 -0.515526114816851 -0.188360310667705 0.835914697329927 -0.0619621082849634 0.981180725846502 0.182880423823263 0.0018545618612085 -0.445022926286647 -0.198488820340417 -0.60491936411396 0.332014958924806 0.0675379120823493
-39.4223084712786 -30.0306638733777 79.9966501793329 -0.33329758409849 0.935383057196331 -0.118200509880732 0.376771557375346 0.0172186831025553 -0.926146229705038 0.440801997189908 0.267458459207316 0.158408438869592 -0.408652772914737 0.284765268671906 -0.0441027680215208
-133.415375535604 46.1705097528444 204.796655482215 0.183851187643382 -0.661124190263561 -0.727401917504607 -0.61581208847928 -0.654259262231647 0.438999193754907 0.429350731011073 0.376003280631437 0.490738507973702 -0.0918622852353826 -0.261472273489521 0.14910731566228
-11.3962890022841 -159.288546877346 42.5149600940031 0.36084622748938 0.896340017236436 -0.257613493529176 0.25134942376224 -0.359470262970799 -0.898668322140777 0.0835122881976438 0.148333237762818 0.00759238500116164 -0.234977308321265 -0.182946599104218 0.13181743171582
132.041681725582 29.0038987627832 74.6114895293584 0.264023345931662 0.94862821379453 0.174344947174068 -0.644410886325655 0.307987692679582 -0.699912977328596 0.0910053246729323 -0.191825178538286 -0.0711387441934615 -0.403948019264124 -0.136866971914955 -0.0320251496421288
72.7224466570169 -70.0532822547897 139.852283375589 0.74887012647479 -0.0729419151017096 -0.65869039809043 -0.522817138502315 -0.675812882401983 -0.519556777803092 -0.476796999308006 0.000505849276194234 -0.132522985570301 -0.0368246211306483 0.21777161587937 -0.0735606396818221
37.310551180627 -139.636767575352 196.839314268509 0.651798005567874 -0.757831388194843 -0.0291731852031684 -0.398724607412642 -0.375150588005702 0.836827855241178 0.00791793708326841 -0.117559636461923 0.25745090097711 -0.278730187017252 -0.141157694970917 0.154852952442972
25.1951261815119 20.1370326179278 -94.9719762835547 -0.663631571588771 0.1291472394324 0.73682707850678 -0.515139161854624 0.635323735090397 -0.575322111899995 -0.0927142002689544 0.15361000713194 0.106667346208053 0.404956347118294 -0.13721221166696 -0.503528056183522
-162.002180187355 -39.092722131086 45.1110602704843 0.441727788128544 0.751418298382537 -0.490150207243984 -0.618958178167152 -0.140239276982969 -0.77280262637579 -0.242697606742234 -0.184098981842873 -0.284991506983228 -0.0580623774043453 0.383066784674196 -0.524625455605107
163.663835903322 -135.201681302165 96.0651196824454 -0.00494475326232415 0.590181489448606 -0.807255468819293 -0.433575368264186 0.726173374645103 0.533558509884035 -0.149908092381857 0.061595204267498 0.297587285816143 -0.156109689173206 -0.0678971627446304 0.383484114462376
-126.663071691904 101.295314795278 18.3060505365234 -0.772199508325467 -0.0390149326763368 -0.634181216679899 0.145664771148163 0.960658986281423 -0.236465986275213 0.370366318584668 -0.147309216454126 -0.349339548316028 0.540554486537055 -0.131051732407297 -0.200625787153627
-28.8941972948994 53.212856010425 41.836377234833 -0.757109959567482 0.614027825181838 -0.223056969596899 -0.63387704800152 -0.77307946342579 0.0234124461286879 -0.187347699622256 -0.0575872026450044 -0.0782517488024836 0.429454919431647 0.0715926252529846 0.236859193122738
21.5690249032495 -60.3496148481626 102.903357397734 -0.701338477784893 -0.634583006171347 0.324698101799502 -0.250404920299122 0.645802172938936 0.721274602280144 -0.388989982115623 -0.00573169292182093 0.23486627819685 -0.0575618328775067 -0.204500197562917 0.0628902552660001
40.5533549524228 -77.5209265787676 219.675506686235 0.853680470388925 0.0419370205211747 -0.519106021387037 0.346148141573738 -0.790417831079833 0.50539220444659 -0.0398706924765531 -0.0232531423893422 0.18832151664863 0.29579045394118 -0.393661219560168 -0.150864885066437
-92.3231555036026 86.6424478698548 -84.6953050464296 0.514128512218032 0.766491136339129 -0.384919877785697 0.800909179506191 -0.268418787096113 0.535253167007045 -0.0272607709467596 -0.011391304125385 -0.517319063329226 -0.135628003761299 0.158232772325531 0.0278822594051458
19.3972114340036 8.9743905648089 75.8463215490785 -0.313585622487924 0.758333330411502 -0.571484701826151 -0.760895689109921 -0.56072471388549 -0.32653592667853 0.623128815872397 0.475867809582677 0.173178486539837 0.103444238775431 0.0650454065893516 0.110130623039953
-4.2093321146526 37.3713593544666 49.8967222925027 -0.891012026895158 0.348933701234531 0.290418434234165 -0.288609045251493 -0.92917914299741 0.23093503198231 -0.0542324473835902 0.2300137201897 0.47609315660095 0.128107691614777 -0.0684889151043653 0.141249784370912
-60.0542955358937 -166.289091186095 -111.605599371922 -0.401368353365699 -0.612052319787121 -0.681392365376214 0.903083762297934 -0.388551004185892 -0.1829426002673 0.0513995329832316 0.0375771081994687 -0.0842912392096501 0.18257652510888 0.809314022616516 -0.126225362953123
147.005645054795 32.792428624413 120.904549393703 0.44874182990996 -0.893640493427472 0.00613104476712208 -0.783582882648599 -0.396756511382187 -0.478102664759401 -0.123422905858632 -0.361471309794048 -0.0240349676758893 0.230776083768058 0.210132178132058 -0.146106542562569
86.4122347442188 -118.393134816359 157.31969894538 0.932441862827164 0.289015919972174 0.216845737507729 0.0168626885265502 -0.634303021824869 0.772900691661968 0.348616777583171 0.281616547636106 -0.172586049287902 -0.2209365245133 0.374927858499434 0.181724562069672
96.3512576654922 -97.3777456640908 -79.2915476720104 -0.463292634244365 0.635579079702477 0.617575336132781 0.783285052409655 0.619640710257685 -0.0500999698576786 0.262364560632117 -0.372126888612226 0.116364665695649 -0.299177857987951 -0.254719211781476 -0.0575637141337272
210.520656499422 144.276791721936 -52.8676509231331 0.909245503419054 -0.401720187242059 -0.109057987108288 0.0305514271828506 0.325690902617942 -0.944982694562284 0.0289060053724829 -0.656216381380973 0.464119507977257 -0.0441172157120977 -0.11984394602566 0.336655924756364
63.651961407783 -6.785948299712 10.130087784171 -0.597367907069299 0.619238164586792 0.50960352156916 0.770129923623747 0.265678470943569 0.579926654501295 0.0500417191445882 -0.669540399225605 0.600481130031539 -0.134559590628506 -0.00819970459273278 -0.191654465767092
-19.5034477602451 5.99247439730435 72.6061595946656 -0.493677105478679 -0.218343512745171 -0.841789214754576 0.869616133651588 -0.131875078124743 -0.475790731022758 -0.113848286440001 0.302838343003964 0.230237191963541 0.405744234473178 -0.0314585582659752 -0.0669960153193458
131.978733796627 85.5413852011021 37.9323518494267 0.328557214743345 0.901224719753174 0.282567296295838 -0.385046441327966 0.400996369298331 -0.831228788085923 -0.169277027603991 0.42568827535743 0.344394479063353 0.38081369259469 0.1888385055748 0.0710413544906373
254.429035239373 117.586036008431 25.98450802441 0.264178809018089 -0.949326260488775 -0.17026235479491 0.0756967984169763 0.19639783882719 -0.97759806364273 0.134779227006368 0.155207090233791 0.204077747824049 0.262370230865294 -0.0496671732632242 -0.114281457672758
6.27930079260681 -50.7479322569882 89.75650652665 -0.0190427889461959 -0.989780566259593 -0.141321860184792 0.239063244379849 -0.141755010775894 0.960601005532631 0.0633772820491997 -0.119712032533833 -0.230820924111582 0.385008284700131 -0.371381955062017 0.487189774722052
137.274364940285 -32.2840670032514 66.52158985134 0.34957686795515 0.918431240948969 -0.185149141881105 0.743280859819053 -0.392168810297865 -0.54197539356209 0.129294262881614 0.0325163983186498 -0.244080741316401 -0.223091678000395 0.0349575816535343 0.207358621078326
129.770580910109 3.0455305056806 -104.606030167197 0.479089021249066 -0.733782512892333 0.481702292337864 0.587028587483384 -0.140154097900765 -0.797342099627275 0.409189550622204 -0.145251669692677 -0.107905534617702 0.0538224330632678 -0.00681946843735415 0.256866256730605
202.253444021056 228.215832272523 -72.0154871217281 0.263647726596249 0.869492794381613 0.417698642733031 0.835365493666355 -0.422329005006475 0.351856095922782 -0.0590734557314656 0.251564500108606 0.316036829075037 -0.249796424860121 -0.453848729198073 0.221885315986823
-0.25619482742848 179.555932778927 129.29778626941 -0.0846095631600191 -0.70218474191457 -0.706949761415329 0.893035516664883 -0.368135790208317 0.258773614008425 -0.245620783054909 -0.522502345332278 -0.162541599288351 -0.371396550923721 0.231175478802987 0.163656060514644
97.2714576604686 18.5051211889168 1.74126084607309 -0.451876035635265 0.538367614522549 -0.711314557107201 -0.845489761615501 -0.00414581058734956 0.53397556216594 0.0833639482108369 0.111256150376012 0.37920063666957 0.149386295240099 0.149423514865413 -0.0886921834582507
-11.6267496356945 -184.185740134328 63.3848223841644 0.933636778862967 0.0974517318694391 0.344710892681687 -0.352184827834256 0.425621263834965 0.83355409863793 -0.650018480671833 0.455825297911321 0.619866096500069 0.189845966924952 -0.361289625152535 0.218084391641572
39.0932385371308 -10.1646713284722 -149.113789895951 0.986939604819467 0.0130683151694255 0.160560196975521 0.0353008405126773 -0.99002356948586 -0.136408989131631 -0.0951521087839963 0.100073132717428 -0.352700820367701 -0.170049438420384 -0.188806423690098 -0.154210127587247
84.5839863117148 -10.2268534426478 96.7652797143154 -0.220484783938876 0.856624498217689 0.466455928631207 0.190160916375787 0.506799801942215 -0.840828677648432 0.469528851232544 -0.140613350052459 -0.176755528740299 0.4707152837814 -0.281993923405222 0.411744257877358
215.749520694771 -86.7348165951958 167.248010621335 0.801496884890259 -0.0271755502501774 0.597381301131811 0.588645535950875 0.211848160069602 -0.780139073738681 0.334500579385266 0.0518661952179511 -0.438681595959154 0.483183491049131 -0.116686443056616 0.137371948771745
73.7860029631826 -29.0233555193842 -35.5972522957704 -0.355661184443802 -0.932455239825846 -0.0635017433930446 0.0893760079812157 0.0337001345566415 -0.995427697775566 -0.819400438289047 -0.120327231906856 0.0978616394919825 0.351059477584078 0.102265197994503 0.504440659857972
156.703087536296 -86.2725500692502 211.619281170368 -0.567832903338004 0.76825620478619 0.295547607846956 -0.271667515545329 0.164020014245233 -0.948311313094736 0.493639570394964 -0.602016236752227 -0.125460463752057 -0.0458524696975333 0.130650005078321 0.145123206068349
-37.0725568852666 153.293263387123 158.628091863449 -0.756738305380928 -0.607693842458677 0.240946850503235 0.0198545905676308 -0.389774549033676 -0.920696275927622 0.0707397887289516 -0.211501938681613 -0.305285362421992 -0.0631223763903892 -0.24034578626714 0.0589125547865171
-52.1248533948329 124.972886614272 119.312168320793 -0.579059425786396 -0.0676058905662009 0.812477441923459 -0.0130991253336881 0.997198806292851 0.0736406183958299 -0.180066558753761 -0.438614858079645 -0.0519457406434646 -0.120858152037495 -0.122650554966285 0.439358851901616
71.5454273589968 -65.6060943503598 -33.3802266611247 -0.0351565664129413 -0.876586366850738 -0.479958747436401 0.997879341286683 -0.0571153811439882 0.0312204849696546 0.475099364595546 -0.317835210855498 0.0158774124860108 -0.0873640316620686 -0.0244552954281625 0.310924075331293
68.166363293044 -149.418007482097 -46.5260415195934 0.229962115308299 0.958109259002856 0.170716498955714 -0.956148902415706 0.255122252319056 -0.143846973129334 0.172167469189862 0.0811711790045375 -0.867007077299184 0.138853760050681 -0.544742813426888 -0.0796868538451914
-90.1599805327001 79.9002534705345 167.013369772878 0.25893141053491 -0.956663522029776 0.133228041558455 0.0205392597175028 -0.13244752933828 -0.990977277614282 0.101349710069397 -0.129158718309134 0.52684557358193 -0.508791238759449 0.0976497661201646 0.430995977066786
24.0750530091324 -162.140092111943 137.175367664441 -0.991504071287339 0.0399445668462189 -0.123791109387666 -0.127727778891326 -0.118959654002436 0.984649411090793 0.286059902480564 -0.294415900713409 -0.00761328262113365 0.126076586549607 0.132721005943369 0.265376926357526
86.5077533470699 -86.6080564837735 -23.238451795674 0.578551577597244 -0.627066562016703 0.521599083209375 0.00550870810799124 0.642481576582457 0.766281337078897 0.107192757699224 -0.127750135533783 -0.0468368988129219 0.159135684537693 0.252009004504004 0.819790658045111
-33.0803089625353 22.9354665033528 68.5309777727211 0.949203378021452 0.248236905425201 -0.19336901668262 0.276716977861408 -0.951078600194304 0.137395021158291 -0.615403979289294 -0.0516092837656227 0.367775356084518 0.141314691243081 -0.280053845568539 -0.0265537605112576
226.662484546748 98.3629961398624 -10.6870642487419 -0.290816938305549 0.89209174058089 -0.345829203491394 0.94257069609622 0.205068908720045 -0.263642306046918 0.0895057896556135 -0.131335788614733 0.256246262696559 0.230594431723892 0.0681254748113849 0.120340432910207
-48.7875202202115 -47.282486304342 197.286703820389 -0.195285330972571 -0.490671305495707 0.84917927541875 0.913059631643101 -0.407045652882041 -0.0252225537386453 -0.642256537795351 0.0485014966294085 0.266911931051875 -0.492617665728358 -0.537229085812347 -0.054560284508487
50.6908050885992 10.5910774753529 147.951272093977 0.594606356939151 0.527756298886776 0.606561365090134 0.783755578712624 -0.212167506526869 -0.583705521820809 0.233481852802393 -0.447056183574171 -0.123781442037289 -0.393586443098397 0.22404869381891 0.0107525757096238
142.828914134209 -102.755070596683 -92.1408878113765 0.743305253256136 -0.43869068229125 -0.50502260776392 -0.613235296495932 -0.748491700325834 -0.252394019802541 -0.0361861053776686 0.506587620727699 0.567003279374548 -0.241161079415823 0.10862438757248 -0.0344979619458639
-30.9496945069943 236.756220690249 117.689503911352 0.64483537012422 -0.762537166616425 0.0521962777183677 0.706119382970316 0.620479746402326 0.341175124137033 -0.00604093818335412 0.453119534522172 -0.36989705920283 0.290283006700837 -0.26617982717544 -0.187104460699926
122.469971628274 -118.791769201026 -45.982403766621 -0.53853499377794 -0.790070760663538 -0.292862219961366 0.223445057602973 -0.469032039804687 0.854447940347864 0.141423186530824 0.199065116698909 0.133352598406659 0.766495474163015 -0.60654862435674 -0.209985314216618
94.1574550239239 -37.3614587603867 104.920827730447 0.513321463805906 0.812211206563275 0.277153625607686 -0.756545905839822 0.275813287456402 0.592929463588233 0.00728470423922052 -0.178588821278469 0.301029637930798 -0.464067157319778 0.641495252908078 0.0780588120036477
114.53384167416 24.699057954155 -5.46956054296522 -0.409596259721567 0.191079660511096 0.892031179954917 -0.651657653108979 0.623004357966029 -0.432675454162152 -0.220859122285241 -0.571907969424599 -0.0716698387699096 0.209763968266424 -0.42242574159117 -0.301690132529691
274.156273133829 -90.7068208531799 90.1847797705581 -0.495843218411841 -0.555154021133817 0.66778998994024 -0.0850842628274343 0.796335187858351 0.59884130382996 -0.335331445935341 -0.219562179926309 -0.467920437183444 0.463129851799345 -0.103643610097475 0.256768939682385
-66.0432708438293 -143.246437380114 157.992875760478 0.814131988907324 -0.256841577351174 -0.520789424610647 0.00898236482980661 -0.891183905076325 0.453553521892515 0.064529061988067 0.569897539203093 -0.295409445721785 -0.186290669511054 0.320177923059614 0.299314088609499
107.365432035055 14.9733590623936 -7.34178386818604 0.573597432327928 0.658433568080377 0.487289736135089 0.709513976080704 -0.69665145548186 0.106144831808525 -0.45739601401843 -0.194134216259401 0.0334972479915319 -0.369743042557238 0.119658600422596 0.629652307195434
-33.4450107253269 -38.1085003871212 -26.9238504476623 0.777459614330071 0.033496291619752 -0.628040284465577 -0.461999666544888 -0.647146018065534 -0.606430926163724 0.885310690190159 -0.285362675725269 0.692291878131898 -0.0572583993696247 0.596988585820896 0.223562227727125
100.640861525747 64.1744420479491 306.231168901477 0.1070172545796 0.453152779147915 -0.884985901543966 -0.369043430109794 -0.808407427957917 -0.45856787555694 -0.00551560013841461 -0.284209150317488 -0.0906022743709227 -0.444294116554087 -0.31695470316926 0.0777169951719518
103.823232800424 -6.76605631050333 65.9991354428303 0.0692282746485262 -0.685897553307255 0.724397686850277 0.500455222984043 -0.604280756406458 -0.619991410599634 -0.210353652435165 -0.125219378448528 -0.0954391901836349 0.673233667796113 0.366845992977216 0.122924546754607
57.0956725771983 -45.9298966472177 199.181291913509 0.295613861036223 0.955200751222942 0.0142862841471679 -0.766903862622582 0.228369992747207 0.599754713143741 -0.181992679665396 0.25977706824406 0.344351327339188 0.431125464188345 1.07893287129804 -0.0252167905166863
49.6900405026771 148.401700898696 42.5553303734637 0.496009703566023 0.42988076745168 -0.754438235963675 0.51139324940619 -0.846803232441299 -0.14629215824733 -0.336353555558234 0.0321556974187816 -0.302512750502246 -0.101250209416402 0.181156157069069 -0.495606363065587
73.2849346267977 -65.2521148670333 134.127962784929 0.525538178611867 -0.197649976787274 0.827492697679916 -0.130593372754962 -0.979853811781031 -0.151102571344087 -0.287751108449367 0.438894151556944 0.324002477527733 0.445157033343529 0.136127284461615 -0.137439002142864
-9.45087231831656 -62.9614500426919 50.1696817965166 -0.469798662983336 0.864282371170885 0.179736646238511 -0.51561136980881 -0.433917503372303 0.738823780368074 -0.256387968820477 0.364742272569115 -0.379308197523153 0.0406209878355153 -0.0290184002714272 0.155671399916144
-49.1598382774428 23.4819810204498 31.112823022754 0.52279348676325 -0.081499134649028 0.84855456715703 0.634225267464178 0.702310804559323 -0.323292305705207 0.0952044829970623 0.11555788184957 0.114990294633735 0.521385044449864 0.397767637937726 0.49483237288787
1.34897193328981 -5.248697732949 42.395801097093 0.366720081781673 0.752822251286819 0.546603437650147 -0.899352207527725 0.136511704213419 0.415367715844736 0.022242260518616 0.403987157993525 0.0849743027025396 -0.126675713575784 -0.197699420357756 0.468742178146867
163.190732196207 -50.3482639819067 52.8557417429253 0.327567990336623 0.508706465039891 0.796188996983888 0.754295051693865 0.366666483627592 -0.544605028711425 -0.0380601189249014 0.142005498294805 -0.19512956537072 0.234490819871346 -0.136349356516464 -0.390893355691965
39.9946515605276 -6.15313494142029 -24.758510472478 0.962078221244105 0.240821449890757 -0.128103751531601 0.263615278324526 -0.941535999820535 0.209802262477714 0.465133633842666 -0.501076431465184 -0.351363128940169 -0.51428775584654 0.110285948716993 0.240976602134144
78.3894494018305 -102.269249031555 93.5352106402524 0.104961450202694 -0.306989638671094 0.945907216879861 0.825471347417641 -0.503548408973506 -0.255021705830637 -0.0574847172757124 0.43471456138382 0.67287563534496 0.396437963161515 0.703983091161541 0.439001557174801
58.4264901624221 42.2406897242952 172.945526443917 0.0864290479320515 0.847723015874475 -0.523350468763025 -0.403165917495656 0.510141172497069 0.759745507874011 0.164874963794321 -0.550119500356337 0.103969407118786 -0.696658842383833 0.245669594913326 -0.176776555438331
100.868519476176 -74.081875284371 -37.6079049701437 0.792207064430488 0.607833832331314 -0.0542775905109932 0.0721463135893856 -0.181605589586549 -0.980721345329497 0.458758703877869 0.182587739841864 0.135625091147491 -0.0709587542331625 0.0982231406469689 -0.396286010940153
-1.37888930273406 51.1877759760113 243.675186308065 -0.885098064558801 0.444101659459608 0.139194827841155 -0.311409094399058 -0.342857150377597 -0.886269323074244 0.382688766806123 -0.0862060151280984 -0.108353444026778 -0.122003661611484 -0.398165845911872 0.0586621756960882
133.428250250947 46.8536184674702 23.4531415428144 0.0423319720504408 -0.883351596761853 -0.466795603468315 -0.356050806066261 -0.449877418870499 0.819047202442514 -0.272879332495627 -0.367850792084128 -0.017525208224426 0.163095629717294 -0.246454582736862 -0.134145878931063
-4.66429758768846 -105.418030454836 143.221152323669 -0.770421136341296 0.603414724839672 -0.20577152497971 -0.309914472865286 -0.0724089213596027 0.948003137759639 -0.0280754569943597 -0.155538178831866 -0.574273313431451 -0.0869395743167559 -0.228679337762271 -0.21850370280123
-75.9518355539753 25.4714126082863 190.421462362177 0.815045443536034 0.123326716883163 -0.566119778952173 -0.506442492392489 0.626281747367928 -0.592694961420568 -0.427253248725809 -0.099577949233146 0.304115262915096 0.528694444274742 -0.203413103850759 -0.16624184859573
55.1994916432516 -108.434782078872 156.220518097638 0.933695613373218 -0.233196082214799 0.271720604388381 0.318226323585057 0.888299392893284 -0.331143925101724 -0.10506843091707 -0.387850361501824 -0.419595679882551 -0.211862998515625 -0.432862477900605 0.4469539916241
-15.5611681838018 202.424468614574 61.4182413401913 -0.29852295106185 0.71499246664398 -0.632194480970983 0.64709083778654 0.638528566868218 0.416599102224141 -0.456533609813349 -0.417050090958921 -0.571547388800792 0.144234122616768 0.0819446188492356 0.339901776994295
29.4464855107188 38.486150585842 33.95366136291 -0.733855808872434 0.440354905850041 0.517245841669713 -0.480121411388753 0.202432733792046 -0.853524755239708 -0.00450238242379257 0.00684031840858633 0.290955006773308 0.122393368569137 -0.156903812775651 0.128027689815271
96.3327896226133 147.8600510352 -99.5696080455715 0.133854682232998 0.282564081282087 0.949863450840544 0.935279588477764 0.28085200109316 -0.215347002413971 -0.164895092419017 0.0773958181711174 0.75243515144334 -0.0992424242780515 0.0431532645551045 -0.158755968672833
-47.5685999278945 18.650993008673 1.43616338562366 0.111571191354105 -0.989679418163225 -0.0899254991728816 0.99038705833618 0.118182100327756 -0.0718786561084615 -0.203848072982779 0.034587988292042 0.73594200602448 -0.103554869550956 0.0917770623364052 -0.273841779397848
84.9454925084543 -92.4480621480145 -99.3398205099756 -0.525777739619721 -0.817625489153263 -0.234619812578828 -0.0876946210998482 0.326453981116393 -0.941136294211679 -0.162180105312764 -0.145348464666237 0.0570783251733518 0.431343775279274 -0.209530084068753 0.272281709963761
133.880291283605 60.3679704725769 -145.751815414104 0.0368436230464108 0.225685910107688 -0.973503219957799 -0.795398991301658 0.596359038419972 0.108150087124476 -0.0137374696554162 0.174016557874087 0.0402911625512306 0.00362013352640608 -0.301693649623469 -0.216379705453355
142.980202729132 129.677907939538 244.07221595403 -0.650209042984606 -0.167153952942522 0.741139619103494 0.742402192477182 -0.34708584455354 0.573036265414952 -0.0575922289918842 0.140951008724703 -0.150984403743975 -0.166720583855408 0.0242321746424372 -0.165459238349599
62.8703676777331 -2.78721136641387 -7.51656244371702 0.165906806012605 -0.0998056233788222 0.981077851601159 -0.672250580508595 -0.739323455833499 0.0384702478407148 -0.193718119292742 -0.327789260049533 0.273679824817394 -0.151130584600704 -0.0607851306932867 0.247908456635335
114.460994187392 -118.724899028679 9.68903971037692 0.871861187082744 -0.368522701713618 0.322566454783847 -0.43727948729586 -0.882363326508414 0.173843723921936 -0.0465217697363696 0.0778838737025413 0.0606318952188149 0.0898601394645122 -0.270881488697839 -0.0872678107917568
7.83349123598817 -185.519380198564 -11.5440849663897 -0.258259977985363 -0.939362683295729 0.225609382634309 -0.341287311291985 0.307187119354214 0.888346269721621 0.132169559399134 -0.0532180622814838 0.289727407931591 0.165482236630336 -0.232296294265503 0.285115397390491
64.7048382763702 77.1697285090755 121.605583083983 0.64737277420695 -0.334722817760872 0.684740266643868 -0.121878934224157 0.84138034393779 0.526521322486165 0.468563809256783 -0.0177581260860523 -0.129925201450164 0.0420734711691804 0.367980354739201 0.067798164633998
